12	4	1
4
	0	192	1	122	2	107	3	141
	0	113	1	147	2	191	3	140
	0	197	1	181	2	164	3	132
	0	118	1	153	2	163	3	111
	0	174	1	131	2	120	3	191
	0	108	1	137	2	200	3	182
	0	166	1	194	2	165	3	105
	0	167	1	197	2	162	3	123
	0	110	1	105	2	142	3	193
	0	200	1	167	2	192	3	156
	0	193	1	163	2	104	3	143
	0	182	1	175	2	165	3	105
Resources
1
R0
20
	0	9	1	8	2	6	3	7
	0	1	1	8	2	4	3	5
	0	3	1	4	2	4	3	8
	0	4	1	4	2	1	3	5
	0	3	1	2	2	1	3	9
	0	7	1	5	2	4	3	6
	0	5	1	8	2	4	3	9
	0	6	1	8	2	5	3	9
	0	6	1	1	2	9	3	2
	0	7	1	6	2	2	3	3
	0	5	1	2	2	2	3	6
	0	6	1	9	2	6	3	6
