12	4	1
4
	0	175	1	176	2	167	3	131
	0	173	1	114	2	182	3	116
	0	146	1	126	2	173	3	192
	0	199	1	160	2	121	3	121
	0	117	1	110	2	177	3	156
	0	126	1	159	2	127	3	146
	0	166	1	146	2	181	3	165
	0	188	1	165	2	188	3	175
	0	190	1	186	2	173	3	107
	0	160	1	196	2	100	3	169
	0	159	1	174	2	170	3	177
	0	116	1	184	2	120	3	115
Resources
1
R0
20
	0	6	1	9	2	7	3	2
	0	7	1	3	2	1	3	7
	0	6	1	2	2	3	3	7
	0	5	1	3	2	8	3	4
	0	3	1	5	2	3	3	4
	0	9	1	7	2	7	3	8
	0	2	1	1	2	5	3	3
	0	7	1	3	2	7	3	8
	0	1	1	1	2	2	3	7
	0	7	1	7	2	6	3	3
	0	3	1	8	2	9	3	3
	0	9	1	6	2	9	3	9
