12	4	1
4
	0	102	1	120	2	137	3	150
	0	112	1	136	2	176	3	196
	0	112	1	156	2	182	3	106
	0	122	1	128	2	191	3	129
	0	132	1	184	2	190	3	157
	0	197	1	170	2	119	3	124
	0	143	1	107	2	101	3	127
	0	116	1	172	2	186	3	169
	0	136	1	104	2	131	3	128
	0	194	1	143	2	104	3	161
	0	160	1	181	2	110	3	112
	0	126	1	147	2	139	3	167
Resources
1
R0
20
	0	7	1	2	2	4	3	2
	0	4	1	5	2	4	3	6
	0	8	1	3	2	5	3	3
	0	5	1	6	2	3	3	9
	0	1	1	9	2	3	3	1
	0	9	1	1	2	7	3	3
	0	4	1	3	2	9	3	7
	0	1	1	6	2	4	3	6
	0	6	1	2	2	3	3	1
	0	5	1	7	2	6	3	5
	0	2	1	8	2	4	3	5
	0	5	1	8	2	2	3	8
