12	4	1
4
	0	134	1	151	2	164	3	130
	0	134	1	155	2	161	3	131
	0	176	1	121	2	118	3	116
	0	177	1	174	2	118	3	166
	0	103	1	197	2	169	3	191
	0	127	1	157	2	118	3	174
	0	105	1	162	2	105	3	132
	0	194	1	130	2	126	3	108
	0	172	1	200	2	132	3	181
	0	109	1	145	2	148	3	107
	0	143	1	137	2	117	3	184
	0	186	1	117	2	175	3	138
Resources
1
R0
20
	0	6	1	9	2	4	3	4
	0	6	1	8	2	4	3	5
	0	2	1	5	2	5	3	7
	0	4	1	6	2	7	3	4
	0	2	1	5	2	1	3	4
	0	7	1	8	2	2	3	6
	0	9	1	3	2	3	3	3
	0	8	1	4	2	4	3	3
	0	1	1	6	2	6	3	7
	0	9	1	4	2	2	3	1
	0	5	1	1	2	1	3	1
	0	4	1	1	2	3	3	2
