12	4	1
4
	0	64	1	40	2	108	3	105
	0	75	1	40	2	98	3	109
	0	65	1	37	2	109	3	100
	0	73	1	52	2	107	3	100
	0	75	1	48	2	104	3	107
	0	73	1	42	2	112	3	99
	0	68	1	38	2	106	3	106
	0	62	1	52	2	106	3	95
	0	74	1	45	2	105	3	104
	0	76	1	45	2	102	3	106
	0	75	1	38	2	104	3	98
	0	74	1	48	2	98	3	110
Resources
1
R0
20
	0	3	1	5	2	7	3	9
	0	9	1	4	2	9	3	6
	0	7	1	1	2	9	3	5
	0	3	1	4	2	9	3	9
	0	4	1	4	2	9	3	9
	0	7	1	5	2	6	3	9
	0	4	1	6	2	9	3	9
	0	4	1	4	2	9	3	7
	0	6	1	7	2	6	3	6
	0	4	1	2	2	6	3	8
	0	7	1	6	2	9	3	9
	0	6	1	2	2	9	3	8
