12	4	1
4
	0	158	1	127	2	185	3	133
	0	171	1	182	2	172	3	149
	0	116	1	180	2	190	3	183
	0	180	1	132	2	140	3	137
	0	123	1	197	2	179	3	149
	0	127	1	199	2	160	3	165
	0	128	1	179	2	197	3	152
	0	104	1	160	2	149	3	132
	0	174	1	144	2	143	3	137
	0	121	1	132	2	104	3	194
	0	151	1	172	2	127	3	129
	0	161	1	122	2	159	3	104
Resources
1
R0
20
	0	6	1	3	2	6	3	6
	0	5	1	9	2	5	3	6
	0	5	1	9	2	9	3	5
	0	9	1	1	2	4	3	1
	0	1	1	9	2	9	3	6
	0	1	1	9	2	8	3	6
	0	4	1	9	2	6	3	8
	0	1	1	9	2	5	3	6
	0	6	1	5	2	7	3	3
	0	2	1	6	2	1	3	7
	0	3	1	5	2	1	3	2
	0	7	1	6	2	7	3	3
