12	4	1
4
	0	120	1	167	2	178	3	161
	0	154	1	169	2	185	3	119
	0	164	1	110	2	172	3	146
	0	141	1	121	2	132	3	119
	0	189	1	104	2	132	3	192
	0	178	1	148	2	193	3	161
	0	143	1	155	2	185	3	169
	0	196	1	102	2	160	3	116
	0	157	1	123	2	100	3	113
	0	133	1	114	2	196	3	148
	0	194	1	170	2	145	3	178
	0	192	1	138	2	184	3	157
Resources
1
R0
20
	0	9	1	1	2	3	3	7
	0	7	1	1	2	7	3	4
	0	5	1	5	2	7	3	4
	0	5	1	8	2	5	3	1
	0	1	1	6	2	1	3	5
	0	8	1	9	2	4	3	1
	0	7	1	2	2	8	3	3
	0	1	1	1	2	2	3	7
	0	2	1	3	2	2	3	4
	0	5	1	5	2	2	3	6
	0	4	1	1	2	7	3	7
	0	2	1	1	2	9	3	5
