12	4	1
4
	0	180	1	108	2	163	3	144
	0	159	1	159	2	170	3	175
	0	143	1	107	2	148	3	193
	0	160	1	176	2	117	3	196
	0	145	1	162	2	157	3	100
	0	179	1	131	2	159	3	190
	0	153	1	116	2	104	3	174
	0	158	1	154	2	166	3	198
	0	195	1	142	2	129	3	153
	0	119	1	121	2	151	3	125
	0	103	1	186	2	134	3	169
	0	122	1	113	2	126	3	194
Resources
1
R0
20
	0	9	1	1	2	6	3	8
	0	3	1	7	2	7	3	9
	0	7	1	1	2	6	3	9
	0	5	1	4	2	3	3	9
	0	4	1	3	2	3	3	1
	0	9	1	1	2	8	3	9
	0	6	1	5	2	2	3	7
	0	4	1	7	2	8	3	8
	0	9	1	3	2	2	3	3
	0	1	1	2	2	7	3	5
	0	1	1	9	2	1	3	4
	0	6	1	3	2	2	3	9
