12	4	1
4
	0	177	1	184	2	148	3	141
	0	169	1	163	2	165	3	150
	0	189	1	187	2	172	3	117
	0	148	1	146	2	103	3	119
	0	176	1	191	2	116	3	171
	0	181	1	119	2	117	3	127
	0	154	1	196	2	127	3	111
	0	185	1	182	2	160	3	164
	0	105	1	109	2	129	3	120
	0	166	1	165	2	186	3	114
	0	123	1	101	2	170	3	100
	0	169	1	183	2	100	3	108
Resources
1
R0
20
	0	9	1	8	2	7	3	2
	0	5	1	8	2	4	3	7
	0	6	1	9	2	4	3	4
	0	3	1	8	2	3	3	4
	0	9	1	7	2	4	3	6
	0	9	1	4	2	4	3	6
	0	4	1	9	2	3	3	3
	0	9	1	9	2	9	3	4
	0	4	1	4	2	4	3	1
	0	6	1	3	2	9	3	4
	0	5	1	4	2	8	3	1
	0	4	1	9	2	1	3	1
