12	4	1
4
	0	118	1	118	2	174	3	139
	0	165	1	171	2	171	3	112
	0	180	1	144	2	119	3	188
	0	119	1	154	2	128	3	167
	0	185	1	179	2	118	3	125
	0	153	1	165	2	109	3	127
	0	140	1	148	2	151	3	163
	0	181	1	106	2	157	3	114
	0	134	1	143	2	186	3	145
	0	120	1	177	2	128	3	109
	0	178	1	179	2	131	3	199
	0	141	1	118	2	143	3	199
Resources
1
R0
20
	0	3	1	1	2	9	3	6
	0	3	1	8	2	6	3	1
	0	9	1	4	2	4	3	8
	0	3	1	2	2	1	3	7
	0	9	1	7	2	1	3	3
	0	2	1	5	2	3	3	4
	0	1	1	3	2	4	3	7
	0	6	1	1	2	3	3	1
	0	1	1	7	2	5	3	7
	0	4	1	9	2	6	3	1
	0	9	1	5	2	4	3	9
	0	2	1	4	2	1	3	9
