12	4	1
4
	0	161	1	153	2	200	3	136
	0	161	1	178	2	176	3	174
	0	172	1	100	2	166	3	157
	0	191	1	161	2	153	3	113
	0	193	1	168	2	119	3	179
	0	125	1	110	2	101	3	126
	0	126	1	200	2	174	3	114
	0	177	1	132	2	155	3	166
	0	163	1	176	2	142	3	170
	0	176	1	190	2	171	3	105
	0	131	1	157	2	192	3	198
	0	114	1	154	2	185	3	190
Resources
1
R0
20
	0	6	1	4	2	9	3	4
	0	9	1	8	2	8	3	9
	0	9	1	4	2	7	3	3
	0	6	1	5	2	4	3	1
	0	9	1	6	2	1	3	9
	0	1	1	3	2	2	3	3
	0	5	1	9	2	5	3	3
	0	9	1	6	2	3	3	4
	0	4	1	9	2	5	3	6
	0	6	1	8	2	6	3	1
	0	6	1	4	2	9	3	8
	0	2	1	7	2	9	3	7
