12	6	1
6
	0	81	1	84	2	46	3	78	4	23	5	86
	0	75	1	73	2	58	3	67	4	31	5	74
	0	81	1	71	2	48	3	78	4	17	5	80
	0	75	1	84	2	40	3	62	4	23	5	74
	0	74	1	72	2	44	3	68	4	17	5	78
	0	80	1	77	2	47	3	70	4	18	5	77
	0	82	1	71	2	46	3	68	4	13	5	81
	0	86	1	78	2	51	3	70	4	31	5	82
	0	80	1	70	2	40	3	70	4	26	5	85
	0	85	1	70	2	54	3	76	4	21	5	85
	0	77	1	76	2	48	3	69	4	24	5	87
	0	78	1	78	2	40	3	66	4	21	5	93
Resources
1
R0
30
	0	7	1	4	2	6	3	1	4	4	5	4
	0	8	1	7	2	7	3	9	4	9	5	4
	0	3	1	6	2	3	3	8	4	2	5	9
	0	6	1	9	2	4	3	8	4	3	5	6
	0	5	1	4	2	1	3	9	4	9	5	3
	0	6	1	7	2	2	3	7	4	3	5	7
	0	3	1	2	2	6	3	8	4	9	5	5
	0	6	1	3	2	5	3	7	4	5	5	6
	0	9	1	4	2	7	3	2	4	1	5	3
	0	1	1	9	2	7	3	4	4	8	5	4
	0	2	1	6	2	5	3	6	4	5	5	7
	0	4	1	2	2	1	3	2	4	9	5	6
