12	6	1
6
	0	83	1	20	2	4	3	66	4	68	5	97
	0	74	1	8	2	8	3	66	4	82	5	80
	0	87	1	11	2	13	3	77	4	80	5	90
	0	72	1	10	2	3	3	70	4	73	5	95
	0	74	1	18	2	14	3	79	4	81	5	84
	0	74	1	19	2	18	3	74	4	70	5	84
	0	82	1	5	2	20	3	79	4	83	5	92
	0	75	1	7	2	9	3	70	4	66	5	95
	0	88	1	16	2	21	3	62	4	77	5	96
	0	83	1	20	2	16	3	79	4	76	5	83
	0	77	1	23	2	7	3	67	4	84	5	93
	0	83	1	24	2	17	3	67	4	69	5	98
Resources
1
R0
30
	0	7	1	3	2	2	3	4	4	7	5	7
	0	5	1	1	2	1	3	2	4	6	5	7
	0	4	1	1	2	3	3	5	4	7	5	5
	0	9	1	3	2	1	3	8	4	4	5	9
	0	6	1	3	2	1	3	9	4	4	5	5
	0	7	1	4	2	2	3	9	4	3	5	6
	0	9	1	1	2	4	3	4	4	6	5	9
	0	9	1	2	2	1	3	7	4	8	5	9
	0	9	1	4	2	1	3	5	4	8	5	6
	0	8	1	1	2	1	3	5	4	3	5	5
	0	4	1	1	2	1	3	5	4	9	5	8
	0	8	1	1	2	3	3	6	4	7	5	6
