12	6	1
6
	0	88	1	87	2	85	3	84	4	93	5	90
	0	54	1	44	2	48	3	59	4	49	5	50
	0	99	1	98	2	102	3	87	4	89	5	86
	0	104	1	103	2	97	3	96	4	98	5	106
	0	111	1	99	2	105	3	107	4	116	5	106
	0	73	1	66	2	79	3	78	4	79	5	79
	0	83	1	81	2	70	3	75	4	72	5	65
	0	33	1	41	2	31	3	37	4	33	5	31
	0	88	1	81	2	82	3	78	4	92	5	87
	0	73	1	72	2	58	3	54	4	59	5	69
	0	111	1	106	2	109	3	99	4	102	5	106
	0	79	1	77	2	80	3	76	4	78	5	69
Resources
1
R0
30
	0	6	1	3	2	6	3	8	4	5	5	3
	0	9	1	3	2	3	3	6	4	1	5	4
	0	8	1	3	2	5	3	5	4	3	5	8
	0	2	1	7	2	8	3	2	4	2	5	6
	0	8	1	6	2	1	3	5	4	7	5	3
	0	7	1	7	2	5	3	9	4	8	5	2
	0	7	1	7	2	5	3	4	4	3	5	1
	0	5	1	4	2	4	3	6	4	8	5	8
	0	5	1	6	2	6	3	5	4	5	5	5
	0	7	1	2	2	1	3	4	4	1	5	8
	0	6	1	6	2	9	3	9	4	1	5	8
	0	3	1	1	2	9	3	5	4	8	5	6
