12	6	1
6
	0	21	1	50	2	86	3	100	4	32	5	34
	0	14	1	64	2	93	3	11	4	79	5	83
	0	55	1	94	2	44	3	31	4	71	5	28
	0	38	1	47	2	52	3	26	4	65	5	12
	0	40	1	76	2	79	3	50	4	74	5	89
	0	77	1	57	2	72	3	71	4	47	5	57
	0	94	1	47	2	11	3	54	4	95	5	95
	0	17	1	72	2	51	3	38	4	49	5	46
	0	26	1	76	2	63	3	96	4	78	5	67
	0	35	1	94	2	92	3	20	4	37	5	80
	0	96	1	58	2	63	3	51	4	53	5	51
	0	60	1	61	2	37	3	78	4	70	5	60
Resources
1
R0
30
	0	6	1	9	2	3	3	2	4	7	5	1
	0	6	1	5	2	2	3	2	4	3	5	5
	0	2	1	9	2	7	3	8	4	9	5	5
	0	1	1	7	2	4	3	7	4	1	5	6
	0	9	1	6	2	9	3	2	4	3	5	5
	0	2	1	3	2	5	3	9	4	9	5	4
	0	2	1	5	2	1	3	1	4	9	5	4
	0	1	1	2	2	6	3	3	4	1	5	2
	0	7	1	7	2	6	3	5	4	1	5	7
	0	5	1	5	2	4	3	8	4	2	5	4
	0	7	1	1	2	7	3	4	4	8	5	6
	0	8	1	4	2	7	3	9	4	8	5	6
