12	6	1
6
	0	145	1	153	2	121	3	161	4	147	5	144
	0	181	1	114	2	125	3	121	4	135	5	107
	0	194	1	100	2	176	3	183	4	104	5	179
	0	136	1	138	2	150	3	133	4	118	5	179
	0	192	1	141	2	123	3	106	4	107	5	122
	0	118	1	124	2	170	3	114	4	127	5	168
	0	150	1	163	2	142	3	168	4	140	5	145
	0	164	1	129	2	108	3	112	4	165	5	137
	0	175	1	166	2	180	3	198	4	109	5	144
	0	118	1	185	2	165	3	150	4	104	5	132
	0	123	1	195	2	142	3	138	4	175	5	162
	0	101	1	196	2	117	3	113	4	136	5	154
Resources
1
R0
30
	0	7	1	2	2	1	3	9	4	2	5	3
	0	5	1	3	2	3	3	3	4	3	5	2
	0	9	1	1	2	4	3	7	4	1	5	9
	0	7	1	3	2	3	3	4	4	1	5	9
	0	6	1	3	2	1	3	1	4	1	5	5
	0	5	1	6	2	5	3	1	4	5	5	9
	0	7	1	3	2	2	3	9	4	7	5	8
	0	7	1	6	2	3	3	5	4	5	5	3
	0	9	1	5	2	9	3	9	4	4	5	8
	0	1	1	9	2	5	3	7	4	2	5	5
	0	4	1	9	2	2	3	6	4	9	5	8
	0	1	1	9	2	1	3	3	4	4	5	2
