12	6	1
6
	0	22	1	101	2	86	3	68	4	89	5	59
	0	30	1	98	2	92	3	68	4	82	5	59
	0	33	1	107	2	95	3	51	4	95	5	54
	0	18	1	97	2	92	3	63	4	95	5	62
	0	19	1	100	2	88	3	59	4	79	5	61
	0	15	1	102	2	91	3	56	4	82	5	59
	0	26	1	103	2	91	3	58	4	92	5	61
	0	32	1	97	2	86	3	58	4	96	5	67
	0	14	1	106	2	88	3	53	4	87	5	53
	0	29	1	94	2	96	3	64	4	88	5	52
	0	30	1	100	2	86	3	61	4	86	5	61
	0	23	1	108	2	78	3	68	4	86	5	49
Resources
1
R0
30
	0	6	1	5	2	2	3	2	4	3	5	5
	0	2	1	9	2	7	3	8	4	9	5	5
	0	1	1	7	2	4	3	7	4	1	5	6
	0	9	1	6	2	9	3	2	4	3	5	5
	0	2	1	3	2	5	3	9	4	9	5	4
	0	2	1	5	2	1	3	1	4	9	5	4
	0	1	1	2	2	6	3	3	4	1	5	2
	0	7	1	7	2	6	3	5	4	1	5	7
	0	5	1	5	2	4	3	8	4	2	5	4
	0	7	1	1	2	7	3	4	4	8	5	6
	0	8	1	4	2	7	3	9	4	8	5	6
	0	9	1	2	2	5	3	9	4	1	5	1
