12	6	1
6
	0	51	1	57	2	29	3	65	4	53	5	49
	0	83	1	22	2	33	3	29	4	42	5	16
	0	95	1	10	2	78	3	85	4	13	5	81
	0	43	1	44	2	55	3	40	4	26	5	81
	0	93	1	47	2	31	3	15	4	16	5	30
	0	26	1	31	2	73	3	23	4	35	5	71
	0	55	1	67	2	48	3	72	4	46	5	50
	0	68	1	36	2	18	3	21	4	68	5	44
	0	77	1	69	2	82	3	98	4	18	5	50
	0	26	1	86	2	69	3	55	4	14	5	39
	0	31	1	95	2	48	3	44	4	77	5	66
	0	11	1	96	2	25	3	22	4	42	5	59
Resources
1
R0
30
	0	7	1	2	2	1	3	9	4	2	5	2
	0	5	1	3	2	3	3	3	4	3	5	2
	0	9	1	1	2	4	3	7	4	1	5	9
	0	7	1	3	2	3	3	4	4	1	5	9
	0	6	1	3	2	1	3	1	4	1	5	5
	0	5	1	6	2	5	3	1	4	5	5	9
	0	7	1	3	2	2	3	9	4	7	5	8
	0	7	1	6	2	3	3	5	4	5	5	3
	0	9	1	4	2	9	3	9	4	4	5	8
	0	1	1	9	2	5	3	7	4	2	5	5
	0	4	1	9	2	2	3	6	4	9	5	8
	0	1	1	9	2	1	3	3	4	4	5	2
