12	6	1
6
	0	57	1	17	2	26	3	78	4	19	5	63
	0	51	1	18	2	26	3	78	4	14	5	82
	0	59	1	2	2	29	3	82	4	27	5	66
	0	56	1	17	2	28	3	75	4	24	5	65
	0	55	1	9	2	29	3	71	4	21	5	70
	0	63	1	9	2	39	3	72	4	11	5	73
	0	49	1	12	2	27	3	82	4	17	5	80
	0	52	1	8	2	30	3	77	4	15	5	63
	0	51	1	5	2	38	3	84	4	29	5	66
	0	54	1	17	2	35	3	83	4	19	5	82
	0	48	1	20	2	37	3	85	4	18	5	63
	0	65	1	10	2	33	3	89	4	25	5	66
Resources
1
R0
30
	0	2	1	3	2	2	3	7	4	1	5	6
	0	6	1	1	2	1	3	5	4	1	5	8
	0	8	1	1	2	1	3	7	4	1	5	7
	0	2	1	1	2	1	3	3	4	2	5	7
	0	8	1	4	2	1	3	5	4	4	5	8
	0	7	1	1	2	1	3	8	4	4	5	9
	0	5	1	4	2	4	3	9	4	1	5	6
	0	7	1	1	2	6	3	9	4	5	5	8
	0	1	1	3	2	2	3	9	4	4	5	7
	0	6	1	3	2	1	3	9	4	4	5	9
	0	1	1	2	2	2	3	8	4	2	5	2
	0	4	1	1	2	4	3	7	4	5	5	8
