12	6	1
6
	0	8	1	104	2	13	3	91	4	36	5	64
	0	24	1	101	2	4	3	87	4	44	5	71
	0	17	1	113	2	21	3	74	4	31	5	59
	0	15	1	111	2	6	3	80	4	40	5	70
	0	12	1	100	2	16	3	81	4	42	5	64
	0	19	1	110	2	10	3	89	4	30	5	72
	0	15	1	109	2	18	3	78	4	38	5	59
	0	11	1	111	2	16	3	83	4	41	5	71
	0	17	1	99	2	10	3	90	4	40	5	63
	0	22	1	109	2	20	3	87	4	28	5	76
	0	12	1	95	2	12	3	88	4	38	5	68
	0	9	1	111	2	21	3	80	4	41	5	70
Resources
1
R0
30
	0	4	1	9	2	1	3	8	4	5	5	2
	0	1	1	9	2	3	3	8	4	3	5	6
	0	1	1	9	2	5	3	6	4	4	5	4
	0	3	1	9	2	1	3	9	4	5	5	6
	0	4	1	8	2	1	3	9	4	3	5	7
	0	3	1	8	2	3	3	5	4	6	5	3
	0	1	1	8	2	4	3	8	4	5	5	6
	0	1	1	9	2	4	3	4	4	3	5	8
	0	4	1	8	2	4	3	4	4	3	5	5
	0	4	1	9	2	3	3	9	4	1	5	6
	0	2	1	5	2	1	3	6	4	4	5	6
	0	2	1	9	2	1	3	9	4	4	5	6
