12	6	1
6
	0	72	1	65	2	73	3	67	4	61	5	63
	0	82	1	79	2	68	3	78	4	65	5	78
	0	28	1	26	2	19	3	16	4	20	5	23
	0	94	1	96	2	91	3	93	4	103	5	103
	0	81	1	71	2	78	3	90	4	85	5	87
	0	46	1	55	2	57	3	59	4	58	5	56
	0	35	1	38	2	37	3	30	4	40	5	23
	0	114	1	116	2	113	3	107	4	101	5	108
	0	66	1	55	2	71	3	58	4	64	5	58
	0	100	1	108	2	102	3	106	4	102	5	104
	0	101	1	101	2	103	3	109	4	113	5	97
	0	60	1	58	2	45	3	49	4	51	5	59
Resources
1
R0
30
	0	8	1	4	2	5	3	6	4	6	5	4
	0	4	1	2	2	7	3	4	4	8	5	5
	0	7	1	4	2	8	3	2	4	1	5	9
	0	6	1	6	2	8	3	6	4	3	5	5
	0	9	1	4	2	9	3	8	4	4	5	2
	0	5	1	2	2	7	3	9	4	1	5	6
	0	2	1	8	2	1	3	1	4	6	5	7
	0	2	1	7	2	4	3	3	4	5	5	2
	0	8	1	1	2	1	3	9	4	3	5	5
	0	1	1	1	2	7	3	1	4	1	5	2
	0	5	1	6	2	2	3	2	4	6	5	7
	0	1	1	3	2	9	3	1	4	7	5	9
