12	6	1
6
	0	161	1	146	2	130	3	127	4	186	5	178
	0	141	1	103	2	158	3	185	4	174	5	172
	0	178	1	175	2	184	3	120	4	113	5	145
	0	167	1	125	2	172	3	185	4	128	5	118
	0	181	1	115	2	192	3	190	4	107	5	141
	0	122	1	100	2	196	3	137	4	177	5	133
	0	130	1	154	2	184	3	161	4	127	5	153
	0	143	1	139	2	146	3	161	4	153	5	132
	0	128	1	157	2	160	3	152	4	165	5	176
	0	139	1	135	2	184	3	144	4	191	5	133
	0	159	1	138	2	171	3	132	4	160	5	163
	0	143	1	104	2	105	3	164	4	150	5	173
Resources
1
R0
30
	0	7	1	6	2	1	3	1	4	7	5	9
	0	7	1	1	2	7	3	7	4	9	5	6
	0	5	1	8	2	9	3	1	4	5	5	8
	0	7	1	1	2	4	3	9	4	4	5	1
	0	7	1	5	2	8	3	8	4	1	5	2
	0	6	1	3	2	8	3	6	4	5	5	5
	0	5	1	2	2	9	3	3	4	6	5	5
	0	2	1	6	2	2	3	6	4	6	5	2
	0	4	1	5	2	7	3	5	4	7	5	5
	0	6	1	4	2	9	3	7	4	9	5	1
	0	7	1	4	2	8	3	1	4	4	5	6
	0	2	1	1	2	1	3	8	4	3	5	6
