12	6	1
6
	0	42	1	46	2	44	3	55	4	60	5	45
	0	75	1	78	2	72	3	60	4	60	5	68
	0	85	1	92	2	96	3	83	4	93	5	83
	0	100	1	107	2	103	3	97	4	101	5	98
	0	9	1	11	2	17	3	8	4	4	5	23
	0	57	1	49	2	42	3	40	4	50	5	45
	0	11	1	22	2	24	3	12	4	23	5	12
	0	30	1	30	2	32	3	34	4	44	5	31
	0	37	1	48	2	44	3	39	4	41	5	45
	0	67	1	70	2	70	3	51	4	52	5	69
	0	48	1	42	2	54	3	55	4	44	5	49
	0	74	1	87	2	82	3	89	4	89	5	71
Resources
1
R0
30
	0	8	1	1	2	2	3	7	4	7	5	5
	0	1	1	1	2	7	3	9	4	5	5	6
	0	7	1	3	2	1	3	8	4	1	5	8
	0	9	1	8	2	1	3	5	4	7	5	4
	0	1	1	4	2	5	3	9	4	7	5	3
	0	2	1	9	2	7	3	7	4	5	5	2
	0	2	1	2	2	5	3	1	4	9	5	4
	0	7	1	3	2	4	3	5	4	8	5	4
	0	9	1	3	2	2	3	3	4	7	5	1
	0	4	1	2	2	1	3	7	4	1	5	2
	0	9	1	6	2	6	3	4	4	2	5	4
	0	3	1	9	2	2	3	2	4	7	5	9
