12	6	1
6
	0	85	1	62	2	33	3	56	4	54	5	55
	0	82	1	52	2	63	3	58	4	7	5	3
	0	54	1	79	2	87	3	55	4	44	5	96
	0	98	1	62	2	25	3	67	4	70	5	17
	0	80	1	72	2	70	3	96	4	31	5	76
	0	11	1	42	2	10	3	16	4	85	5	61
	0	52	1	19	2	20	3	53	4	15	5	38
	0	61	1	60	2	29	3	17	4	81	5	44
	0	63	1	82	2	14	3	90	4	20	5	51
	0	8	1	29	2	61	3	76	4	14	5	94
	0	46	1	7	2	89	3	92	4	7	5	80
	0	31	1	11	2	42	3	31	4	38	5	39
Resources
1
R0
30
	0	7	1	5	2	6	3	4	4	2	5	7
	0	8	1	5	2	8	3	4	4	1	5	1
	0	5	1	8	2	7	3	2	4	6	5	9
	0	9	1	3	2	4	3	8	4	9	5	4
	0	6	1	6	2	6	3	6	4	1	5	5
	0	1	1	5	2	2	3	1	4	8	5	9
	0	7	1	4	2	5	3	2	4	1	5	6
	0	5	1	5	2	1	3	4	4	9	5	7
	0	8	1	9	2	4	3	7	4	3	5	8
	0	1	1	4	2	8	3	7	4	3	5	9
	0	6	1	1	2	9	3	9	4	1	5	9
	0	1	1	4	2	3	3	3	4	4	5	7
