12	6	1
6
	0	69	1	58	2	26	3	58	4	27	5	21
	0	52	1	64	2	83	3	54	4	77	5	36
	0	43	1	68	2	80	3	25	4	13	5	78
	0	17	1	41	2	15	3	47	4	6	5	7
	0	36	1	47	2	38	3	36	4	96	5	50
	0	6	1	30	2	45	3	38	4	64	5	9
	0	79	1	50	2	9	3	59	4	93	5	36
	0	92	1	15	2	44	3	54	4	45	5	54
	0	51	1	82	2	46	3	31	4	12	5	53
	0	95	1	21	2	52	3	25	4	27	5	4
	0	92	1	67	2	42	3	60	4	44	5	73
	0	63	1	1	2	32	3	2	4	21	5	18
Resources
1
R0
30
	0	4	1	4	2	6	3	6	4	7	5	9
	0	7	1	4	2	6	3	1	4	4	5	4
	0	8	1	7	2	7	3	9	4	9	5	4
	0	3	1	6	2	3	3	8	4	2	5	9
	0	6	1	9	2	4	3	8	4	3	5	6
	0	5	1	4	2	1	3	9	4	9	5	3
	0	6	1	7	2	2	3	7	4	3	5	7
	0	3	1	2	2	6	3	8	4	9	5	5
	0	6	1	3	2	5	3	7	4	5	5	6
	0	9	1	4	2	7	3	2	4	1	5	3
	0	1	1	9	2	7	3	4	4	8	5	4
	0	2	1	6	2	5	3	6	4	5	5	7
