12	6	1
6
	0	126	1	129	2	170	3	169	4	105	5	113
	0	181	1	173	2	103	3	112	4	122	5	151
	0	185	1	146	2	124	3	170	4	183	5	111
	0	168	1	140	2	196	3	126	4	187	5	115
	0	196	1	179	2	197	3	109	4	170	5	114
	0	141	1	144	2	183	3	144	4	173	5	119
	0	169	1	172	2	153	3	107	4	143	5	161
	0	179	1	174	2	140	3	110	4	135	5	121
	0	181	1	165	2	168	3	162	4	160	5	145
	0	193	1	112	2	161	3	111	4	113	5	113
	0	192	1	141	2	180	3	175	4	155	5	138
	0	159	1	147	2	129	3	167	4	143	5	115
Resources
1
R0
30
	0	9	1	1	2	7	3	2	4	5	5	4
	0	7	1	1	2	1	3	6	4	8	5	8
	0	6	1	8	2	7	3	3	4	9	5	5
	0	4	1	2	2	6	3	6	4	5	5	3
	0	7	1	3	2	8	3	9	4	6	5	6
	0	5	1	8	2	7	3	6	4	5	5	3
	0	9	1	1	2	5	3	1	4	9	5	1
	0	5	1	4	2	7	3	1	4	2	5	5
	0	4	1	1	2	3	3	5	4	4	5	5
	0	6	1	1	2	5	3	3	4	9	5	9
	0	5	1	3	2	8	3	1	4	3	5	5
	0	6	1	5	2	4	3	6	4	6	5	3
