12	6	1
6
	0	86	1	10	2	22	3	82	4	86	5	14
	0	19	1	84	2	33	3	75	4	71	5	70
	0	33	1	32	2	72	3	24	4	58	5	52
	0	27	1	46	2	79	3	16	4	72	5	31
	0	60	1	20	2	60	3	84	4	49	5	83
	0	79	1	63	2	29	3	54	4	84	5	38
	0	64	1	96	2	98	3	61	4	94	5	89
	0	70	1	40	2	42	3	71	4	32	5	90
	0	19	1	53	2	92	3	94	4	18	5	44
	0	92	1	13	2	73	3	100	4	10	5	31
	0	94	1	25	2	26	3	91	4	69	5	14
	0	60	1	94	2	34	3	38	4	69	5	21
Resources
1
R0
30
	0	5	1	7	2	8	3	8	4	3	5	8
	0	8	1	7	2	6	3	1	4	2	5	2
	0	4	1	9	2	6	3	5	4	1	5	6
	0	6	1	6	2	8	3	5	4	8	5	7
	0	8	1	7	2	3	3	9	4	1	5	7
	0	6	1	3	2	5	3	3	4	9	5	4
	0	2	1	3	2	9	3	5	4	6	5	3
	0	7	1	5	2	9	3	3	4	3	5	5
	0	2	1	9	2	2	3	2	4	3	5	4
	0	2	1	8	2	4	3	5	4	8	5	6
	0	1	1	6	2	1	3	7	4	7	5	6
	0	2	1	3	2	3	3	5	4	8	5	9
