12	6	1
6
	0	26	1	25	2	24	3	34	4	36	5	29
	0	71	1	55	2	59	3	59	4	70	5	62
	0	81	1	74	2	78	3	76	4	74	5	74
	0	87	1	87	2	86	3	81	4	95	5	81
	0	79	1	82	2	93	3	86	4	79	5	80
	0	53	1	53	2	44	3	43	4	43	5	44
	0	9	1	6	2	18	3	11	4	13	5	17
	0	11	1	19	2	14	3	10	4	21	5	14
	0	19	1	22	2	13	3	5	4	13	5	12
	0	34	1	35	2	36	3	47	4	44	5	33
	0	102	1	95	2	98	3	104	4	107	5	100
	0	68	1	87	2	78	3	78	4	77	5	68
Resources
1
R0
30
	0	1	1	1	2	5	3	4	4	2	5	1
	0	6	1	3	2	2	3	8	4	4	5	6
	0	6	1	5	2	7	3	9	4	6	5	8
	0	6	1	9	2	7	3	8	4	9	5	4
	0	5	1	6	2	7	3	8	4	8	5	9
	0	7	1	3	2	3	3	4	4	3	5	5
	0	1	1	1	2	4	3	1	4	1	5	1
	0	2	1	3	2	4	3	1	4	3	5	1
	0	3	1	1	2	3	3	2	4	4	5	1
	0	1	1	6	2	1	3	3	4	1	5	1
	0	7	1	6	2	5	3	9	4	7	5	9
	0	3	1	9	2	5	3	3	4	5	5	8
