12	6	1
6
	0	90	1	89	2	94	3	99	4	82	5	100
	0	7	1	10	2	7	3	17	4	12	5	10
	0	111	1	110	2	102	3	115	4	115	5	106
	0	84	1	92	2	78	3	84	4	91	5	85
	0	83	1	78	2	74	3	73	4	87	5	77
	0	30	1	44	2	30	3	31	4	41	5	32
	0	51	1	48	2	55	3	57	4	50	5	46
	0	96	1	110	2	109	3	100	4	97	5	102
	0	13	1	19	2	10	3	25	4	9	5	26
	0	112	1	100	2	100	3	96	4	105	5	95
	0	13	1	16	2	7	3	13	4	2	5	9
	0	97	1	109	2	112	3	100	4	105	5	104
Resources
1
R0
30
	0	4	1	4	2	5	3	7	4	9	5	8
	0	4	1	2	2	1	3	2	4	1	5	2
	0	6	1	9	2	8	3	7	4	6	5	9
	0	6	1	4	2	5	3	7	4	6	5	9
	0	8	1	3	2	4	3	6	4	9	5	5
	0	1	1	5	2	5	3	1	4	2	5	2
	0	7	1	5	2	7	3	8	4	5	5	4
	0	9	1	9	2	9	3	6	4	8	5	9
	0	1	1	5	2	3	3	5	4	1	5	1
	0	9	1	9	2	5	3	9	4	9	5	5
	0	3	1	5	2	3	3	2	4	4	5	4
	0	9	1	9	2	9	3	6	4	5	5	8
