12	6	1
6
	0	72	1	62	2	33	3	62	4	34	5	28
	0	56	1	67	2	84	3	58	4	80	5	42
	0	48	1	71	2	82	3	32	4	20	5	80
	0	24	1	46	2	23	3	52	4	15	5	15
	0	42	1	52	2	44	3	42	4	97	5	54
	0	15	1	36	2	50	3	44	4	67	5	17
	0	81	1	54	2	18	3	63	4	94	5	42
	0	93	1	22	2	49	3	59	4	50	5	58
	0	56	1	83	2	51	3	37	4	20	5	57
	0	96	1	28	2	57	3	32	4	34	5	12
	0	93	1	70	2	47	3	64	4	49	5	76
	0	67	1	10	2	38	3	11	4	28	5	25
Resources
1
R0
30
	0	4	1	4	2	6	3	6	4	7	5	9
	0	7	1	4	2	6	3	1	4	4	5	4
	0	8	1	7	2	7	3	9	4	9	5	4
	0	3	1	6	2	3	3	8	4	2	5	9
	0	6	1	9	2	4	3	8	4	3	5	6
	0	5	1	4	2	1	3	9	4	9	5	3
	0	6	1	7	2	2	3	7	4	3	5	7
	0	3	1	2	2	6	3	8	4	9	5	5
	0	6	1	3	2	5	3	7	4	5	5	6
	0	9	1	4	2	7	3	2	4	1	5	3
	0	1	1	9	2	7	3	4	4	8	5	4
	0	2	1	6	2	5	3	6	4	5	5	7
