12	6	1
6
	0	71	1	93	2	110	3	67	4	82	5	72
	0	68	1	81	2	94	3	72	4	74	5	64
	0	67	1	79	2	101	3	70	4	74	5	65
	0	79	1	85	2	97	3	69	4	83	5	76
	0	77	1	90	2	93	3	71	4	75	5	74
	0	70	1	81	2	112	3	74	4	85	5	78
	0	62	1	91	2	100	3	72	4	73	5	75
	0	73	1	93	2	108	3	68	4	78	5	76
	0	78	1	82	2	99	3	67	4	74	5	68
	0	76	1	80	2	99	3	73	4	81	5	65
	0	76	1	93	2	103	3	74	4	73	5	71
	0	77	1	80	2	109	3	72	4	78	5	83
Resources
1
R0
30
	0	9	1	8	2	9	3	5	4	9	5	5
	0	3	1	8	2	9	3	4	4	9	5	8
	0	6	1	4	2	5	3	9	4	7	5	4
	0	5	1	9	2	7	3	5	4	6	5	4
	0	9	1	9	2	7	3	8	4	3	5	7
	0	8	1	4	2	9	3	3	4	9	5	6
	0	3	1	9	2	5	3	6	4	7	5	5
	0	7	1	7	2	9	3	6	4	7	5	4
	0	8	1	7	2	9	3	8	4	6	5	3
	0	7	1	7	2	9	3	4	4	5	5	5
	0	4	1	5	2	5	3	8	4	4	5	5
	0	9	1	8	2	9	3	7	4	4	5	8
