12	6	1
6
	0	169	1	168	2	124	3	189	4	114	5	120
	0	120	1	162	2	130	3	194	4	169	5	137
	0	170	1	103	2	179	3	116	4	134	5	129
	0	168	1	175	2	102	3	115	4	160	5	177
	0	191	1	198	2	100	3	112	4	131	5	157
	0	107	1	165	2	185	3	193	4	136	5	196
	0	171	1	127	2	178	3	160	4	127	5	129
	0	181	1	149	2	192	3	168	4	193	5	149
	0	108	1	191	2	133	3	134	4	164	5	119
	0	187	1	178	2	142	3	182	4	127	5	193
	0	109	1	163	2	159	3	198	4	121	5	179
	0	190	1	101	2	153	3	179	4	123	5	120
Resources
1
R0
30
	0	8	1	9	2	5	3	7	4	3	5	5
	0	2	1	7	2	4	3	8	4	8	5	3
	0	6	1	1	2	8	3	1	4	3	5	3
	0	4	1	5	2	3	3	1	4	6	5	6
	0	9	1	9	2	1	3	4	4	1	5	8
	0	1	1	7	2	8	3	9	4	1	5	7
	0	8	1	5	2	8	3	9	4	1	5	2
	0	9	1	5	2	9	3	5	4	8	5	8
	0	4	1	9	2	1	3	5	4	9	5	3
	0	9	1	9	2	2	3	8	4	5	5	7
	0	2	1	5	2	5	3	8	4	1	5	6
	0	7	1	1	2	5	3	7	4	5	5	2
