12	6	1
6
	0	103	1	118	2	197	3	163	4	152	5	136
	0	175	1	152	2	134	3	165	4	189	5	137
	0	122	1	193	2	151	3	136	4	196	5	190
	0	135	1	184	2	179	3	188	4	126	5	180
	0	105	1	189	2	100	3	155	4	111	5	198
	0	121	1	173	2	141	3	182	4	171	5	144
	0	195	1	151	2	200	3	173	4	187	5	167
	0	103	1	130	2	136	3	177	4	122	5	147
	0	183	1	170	2	174	3	135	4	123	5	158
	0	196	1	130	2	180	3	190	4	129	5	167
	0	181	1	177	2	118	3	170	4	185	5	156
	0	137	1	175	2	111	3	169	4	138	5	177
Resources
1
R0
30
	0	1	1	4	2	8	3	9	4	5	5	5
	0	9	1	7	2	3	3	7	4	9	5	1
	0	2	1	9	2	7	3	5	4	8	5	9
	0	1	1	9	2	9	3	9	4	4	5	7
	0	2	1	9	2	1	3	9	4	4	5	9
	0	5	1	7	2	3	3	9	4	6	5	7
	0	9	1	4	2	9	3	5	4	9	5	4
	0	1	1	2	2	6	3	9	4	5	5	6
	0	6	1	9	2	9	3	1	4	2	5	8
	0	9	1	3	2	9	3	6	4	3	5	7
	0	9	1	9	2	3	3	9	4	5	5	6
	0	5	1	4	2	1	3	6	4	5	5	8
