12	6	1
6
	0	184	1	100	2	113	3	180	4	185	5	105
	0	111	1	182	2	125	3	172	4	168	5	167
	0	126	1	124	2	169	3	115	4	153	5	146
	0	118	1	140	2	177	3	106	4	169	5	123
	0	156	1	111	2	156	3	183	4	143	5	181
	0	177	1	159	2	122	3	149	4	183	5	131
	0	160	1	195	2	198	3	157	4	193	5	188
	0	167	1	133	2	135	3	168	4	125	5	189
	0	110	1	148	2	191	3	194	4	108	5	138
	0	191	1	104	2	170	3	200	4	100	5	123
	0	193	1	116	2	117	3	190	4	166	5	104
	0	156	1	193	2	127	3	132	4	166	5	112
Resources
1
R0
30
	0	5	1	7	2	8	3	8	4	3	5	8
	0	8	1	7	2	6	3	1	4	2	5	2
	0	4	1	9	2	6	3	5	4	1	5	6
	0	6	1	6	2	8	3	5	4	8	5	7
	0	8	1	7	2	3	3	9	4	1	5	7
	0	6	1	3	2	5	3	3	4	9	5	4
	0	2	1	3	2	9	3	5	4	6	5	3
	0	7	1	5	2	9	3	3	4	3	5	5
	0	2	1	9	2	2	3	2	4	3	5	4
	0	2	1	8	2	4	3	5	4	8	5	6
	0	1	1	6	2	1	3	7	4	7	5	6
	0	2	1	3	2	3	3	5	4	8	5	9
