12	6	1
6
	0	86	1	39	2	73	3	76	4	17	5	17
	0	88	1	29	2	65	3	75	4	28	5	24
	0	102	1	36	2	73	3	71	4	10	5	11
	0	102	1	35	2	72	3	64	4	24	5	12
	0	87	1	29	2	68	3	65	4	29	5	19
	0	88	1	34	2	61	3	71	4	10	5	8
	0	102	1	41	2	66	3	62	4	14	5	15
	0	91	1	27	2	73	3	75	4	28	5	20
	0	100	1	39	2	63	3	60	4	13	5	22
	0	99	1	30	2	68	3	67	4	13	5	22
	0	99	1	37	2	75	3	76	4	27	5	11
	0	91	1	28	2	76	3	76	4	23	5	22
Resources
1
R0
30
	0	8	1	7	2	6	3	1	4	2	5	2
	0	4	1	9	2	6	3	5	4	1	5	6
	0	6	1	6	2	8	3	5	4	8	5	7
	0	8	1	7	2	3	3	9	4	1	5	7
	0	6	1	3	2	5	3	3	4	9	5	4
	0	2	1	3	2	9	3	5	4	6	5	3
	0	7	1	5	2	9	3	3	4	3	5	5
	0	2	1	9	2	2	3	2	4	3	5	4
	0	2	1	8	2	4	3	5	4	8	5	6
	0	1	1	6	2	1	3	7	4	7	5	6
	0	2	1	3	2	3	3	5	4	8	5	9
	0	8	1	2	2	7	3	2	4	7	5	9
