12	6	1
6
	0	169	1	158	2	125	3	157	4	126	5	120
	0	151	1	164	2	182	3	154	4	177	5	136
	0	142	1	167	2	180	3	124	4	112	5	177
	0	116	1	140	2	114	3	146	4	105	5	106
	0	136	1	146	2	138	3	135	4	196	5	149
	0	106	1	129	2	144	3	138	4	164	5	108
	0	179	1	149	2	109	3	159	4	193	5	135
	0	192	1	114	2	144	3	154	4	145	5	154
	0	151	1	181	2	145	3	130	4	111	5	152
	0	195	1	120	2	152	3	124	4	126	5	103
	0	192	1	167	2	141	3	160	4	143	5	173
	0	163	1	100	2	131	3	101	4	120	5	117
Resources
1
R0
30
	0	4	1	4	2	6	3	6	4	7	5	9
	0	7	1	4	2	6	3	1	4	4	5	4
	0	8	1	7	2	7	3	9	4	9	5	4
	0	3	1	6	2	3	3	8	4	2	5	9
	0	6	1	9	2	4	3	8	4	3	5	6
	0	5	1	4	2	1	3	9	4	9	5	3
	0	6	1	7	2	2	3	7	4	3	5	7
	0	3	1	2	2	6	3	8	4	9	5	5
	0	6	1	3	2	5	3	7	4	5	5	6
	0	9	1	4	2	7	3	2	4	1	5	3
	0	1	1	9	2	7	3	4	4	8	5	4
	0	2	1	6	2	5	3	6	4	5	5	7
