12	6	1
6
	0	143	1	176	2	110	3	180	4	146	5	146
	0	190	1	197	2	154	3	168	4	112	5	192
	0	104	1	138	2	166	3	161	4	139	5	132
	0	110	1	175	2	178	3	104	4	160	5	151
	0	196	1	127	2	180	3	150	4	149	5	146
	0	115	1	192	2	104	3	163	4	142	5	104
	0	108	1	143	2	144	3	195	4	177	5	150
	0	114	1	140	2	104	3	101	4	180	5	111
	0	110	1	152	2	157	3	119	4	194	5	102
	0	124	1	183	2	132	3	132	4	127	5	122
	0	189	1	156	2	102	3	187	4	154	5	106
	0	128	1	192	2	110	3	146	4	106	5	194
Resources
1
R0
30
	0	2	1	9	2	6	3	8	4	4	5	8
	0	5	1	1	2	6	3	6	4	6	5	2
	0	6	1	6	2	3	3	4	4	3	5	8
	0	7	1	4	2	3	3	9	4	3	5	1
	0	7	1	7	2	7	3	3	4	8	5	7
	0	3	1	4	2	6	3	6	4	5	5	2
	0	4	1	1	2	4	3	1	4	6	5	3
	0	2	1	7	2	2	3	1	4	1	5	5
	0	6	1	4	2	1	3	8	4	9	5	8
	0	4	1	7	2	4	3	3	4	7	5	2
	0	5	1	3	2	7	3	6	4	8	5	3
	0	8	1	3	2	3	3	8	4	8	5	2
