12	6	1
6
	0	185	1	162	2	132	3	155	4	153	5	155
	0	181	1	151	2	163	3	157	4	106	5	102
	0	153	1	179	2	187	3	154	4	144	5	196
	0	198	1	162	2	124	3	167	4	169	5	116
	0	179	1	172	2	169	3	196	4	130	5	176
	0	110	1	141	2	109	3	115	4	185	5	161
	0	151	1	118	2	119	3	152	4	114	5	137
	0	160	1	159	2	128	3	117	4	181	5	143
	0	162	1	182	2	113	3	189	4	119	5	151
	0	107	1	128	2	161	3	176	4	113	5	194
	0	145	1	106	2	188	3	192	4	106	5	180
	0	130	1	110	2	141	3	130	4	137	5	139
Resources
1
R0
30
	0	7	1	5	2	6	3	4	4	2	5	8
	0	8	1	5	2	8	3	4	4	1	5	1
	0	5	1	8	2	7	3	2	4	7	5	9
	0	9	1	3	2	4	3	8	4	9	5	4
	0	6	1	6	2	6	3	6	4	1	5	5
	0	1	1	5	2	2	3	1	4	8	5	9
	0	7	1	4	2	5	3	2	4	1	5	6
	0	5	1	5	2	1	3	4	4	9	5	7
	0	8	1	9	2	4	3	7	4	3	5	8
	0	1	1	4	2	8	3	7	4	3	5	9
	0	6	1	1	2	9	3	9	4	1	5	9
	0	1	1	4	2	3	3	3	4	4	5	7
