12	6	1
6
	0	85	1	1	2	14	3	81	4	85	5	6
	0	11	1	82	2	26	3	72	4	68	5	67
	0	27	1	25	2	69	3	16	4	54	5	47
	0	19	1	41	2	77	3	7	4	69	5	24
	0	56	1	12	2	56	3	83	4	44	5	81
	0	77	1	59	2	22	3	50	4	83	5	32
	0	60	1	95	2	98	3	57	4	93	5	88
	0	67	1	34	2	36	3	68	4	25	5	89
	0	11	1	48	2	91	3	94	4	9	5	39
	0	91	1	5	2	71	3	100	4	1	5	24
	0	93	1	17	2	18	3	90	4	66	5	5
	0	56	1	94	2	28	3	32	4	66	5	13
Resources
1
R0
30
	0	5	1	7	2	8	3	8	4	3	5	8
	0	8	1	7	2	6	3	1	4	2	5	2
	0	4	1	9	2	6	3	5	4	1	5	6
	0	6	1	6	2	8	3	5	4	8	5	7
	0	8	1	7	2	3	3	9	4	1	5	7
	0	6	1	3	2	5	3	3	4	9	5	4
	0	2	1	3	2	9	3	5	4	6	5	3
	0	7	1	5	2	9	3	3	4	3	5	5
	0	2	1	9	2	2	3	2	4	3	5	4
	0	2	1	8	2	4	3	5	4	8	5	6
	0	1	1	6	2	1	3	7	4	7	5	6
	0	2	1	3	2	3	3	5	4	8	5	9
