12	6	1
6
	0	115	1	113	2	104	3	109	4	117	5	109
	0	68	1	79	2	70	3	72	4	77	5	73
	0	39	1	32	2	28	3	38	4	38	5	45
	0	76	1	88	2	75	3	84	4	93	5	92
	0	96	1	93	2	94	3	90	4	79	5	79
	0	66	1	65	2	62	3	60	4	51	5	62
	0	111	1	109	2	104	3	118	4	105	5	106
	0	19	1	21	2	26	3	17	4	27	5	13
	0	63	1	55	2	55	3	48	4	65	5	62
	0	85	1	78	2	84	3	75	4	67	5	77
	0	69	1	75	2	69	3	79	4	78	5	67
	0	20	1	25	2	16	3	23	4	20	5	24
Resources
1
R0
30
	0	6	1	2	2	2	3	9	4	7	5	6
	0	2	1	5	2	1	3	8	4	8	5	1
	0	8	1	7	2	4	3	8	4	5	5	9
	0	9	1	3	2	7	3	2	4	2	5	5
	0	4	1	7	2	8	3	4	4	4	5	6
	0	4	1	2	2	9	3	9	4	7	5	2
	0	9	1	9	2	3	3	7	4	8	5	3
	0	3	1	1	2	3	3	6	4	7	5	1
	0	5	1	6	2	4	3	9	4	1	5	2
	0	9	1	9	2	9	3	7	4	3	5	8
	0	1	1	6	2	9	3	8	4	1	5	5
	0	2	1	9	2	9	3	3	4	9	5	6
