12	6	1
6
	0	12	1	26	2	97	3	67	4	57	5	42
	0	77	1	57	2	40	3	68	4	90	5	44
	0	30	1	94	2	56	3	42	4	96	5	91
	0	41	1	86	2	81	3	89	4	33	5	82
	0	15	1	90	2	10	3	60	4	20	5	98
	0	29	1	76	2	47	3	84	4	74	5	49
	0	96	1	55	2	100	3	76	4	88	5	70
	0	12	1	37	2	42	3	79	4	30	5	52
	0	85	1	73	2	76	3	41	4	31	5	62
	0	96	1	37	2	82	3	91	4	36	5	70
	0	83	1	80	2	26	3	73	4	86	5	60
	0	43	1	78	2	20	3	72	4	45	5	79
Resources
1
R0
30
	0	1	1	4	2	8	3	9	4	5	5	5
	0	9	1	7	2	3	3	7	4	9	5	1
	0	2	1	9	2	7	3	5	4	8	5	9
	0	1	1	9	2	9	3	8	4	4	5	7
	0	2	1	9	2	1	3	9	4	4	5	9
	0	5	1	7	2	3	3	9	4	6	5	6
	0	9	1	4	2	9	3	5	4	9	5	4
	0	1	1	2	2	6	3	9	4	5	5	6
	0	6	1	9	2	9	3	1	4	2	5	8
	0	9	1	3	2	9	3	6	4	3	5	7
	0	9	1	9	2	3	3	9	4	5	5	6
	0	5	1	4	2	1	3	6	4	5	5	7
