12	6	1
6
	0	60	1	53	2	91	3	111	4	95	5	13
	0	47	1	52	2	91	3	106	4	99	5	26
	0	60	1	47	2	91	3	98	4	111	5	10
	0	54	1	46	2	85	3	103	4	101	5	17
	0	54	1	42	2	100	3	96	4	101	5	9
	0	63	1	54	2	82	3	96	4	100	5	26
	0	64	1	55	2	94	3	111	4	99	5	12
	0	55	1	40	2	90	3	98	4	112	5	26
	0	58	1	52	2	82	3	97	4	106	5	19
	0	47	1	50	2	83	3	106	4	95	5	24
	0	63	1	59	2	90	3	107	4	112	5	16
	0	45	1	45	2	90	3	99	4	105	5	25
Resources
1
R0
30
	0	5	1	1	2	6	3	6	4	6	5	2
	0	6	1	6	2	3	3	4	4	3	5	8
	0	7	1	4	2	3	3	9	4	3	5	1
	0	7	1	7	2	7	3	3	4	8	5	7
	0	3	1	4	2	6	3	6	4	5	5	2
	0	4	1	1	2	4	3	1	4	6	5	3
	0	2	1	7	2	2	3	1	4	1	5	5
	0	6	1	4	2	1	3	8	4	9	5	8
	0	4	1	7	2	4	3	3	4	7	5	2
	0	5	1	3	2	7	3	6	4	8	5	3
	0	8	1	3	2	3	3	8	4	8	5	2
	0	1	1	2	2	4	3	6	4	8	5	4
