12	6	1
6
	0	72	1	71	2	31	3	90	4	23	5	28
	0	28	1	66	2	37	3	95	4	72	5	43
	0	73	1	13	2	81	3	24	4	41	5	36
	0	71	1	78	2	12	3	23	4	64	5	79
	0	92	1	98	2	10	3	21	4	38	5	61
	0	16	1	68	2	86	3	94	4	42	5	96
	0	74	1	34	2	80	3	64	4	34	5	36
	0	83	1	54	2	93	3	72	4	94	5	54
	0	17	1	92	2	39	3	40	4	68	5	27
	0	89	1	80	2	48	3	84	4	34	5	94
	0	18	1	67	2	63	3	98	4	29	5	81
	0	91	1	10	2	58	3	82	4	30	5	28
Resources
1
R0
30
	0	8	1	9	2	5	3	7	4	3	5	5
	0	2	1	7	2	4	3	8	4	8	5	3
	0	6	1	1	2	8	3	1	4	3	5	3
	0	4	1	5	2	3	3	1	4	6	5	5
	0	9	1	9	2	1	3	4	4	1	5	8
	0	1	1	7	2	8	3	9	4	1	5	7
	0	8	1	5	2	8	3	9	4	1	5	2
	0	9	1	5	2	9	3	5	4	8	5	8
	0	4	1	9	2	1	3	5	4	9	5	3
	0	9	1	9	2	2	3	8	4	5	5	7
	0	2	1	5	2	5	3	8	4	1	5	6
	0	7	1	1	2	5	3	7	4	5	5	2
