12	6	1
6
	0	33	1	51	2	99	3	17	4	71	5	51
	0	41	1	61	2	111	3	21	4	80	5	49
	0	41	1	63	2	100	3	24	4	64	5	45
	0	29	1	49	2	106	3	23	4	74	5	53
	0	30	1	60	2	106	3	16	4	64	5	48
	0	44	1	55	2	114	3	11	4	64	5	42
	0	42	1	66	2	106	3	15	4	64	5	58
	0	28	1	52	2	112	3	13	4	80	5	41
	0	30	1	64	2	101	3	25	4	70	5	53
	0	32	1	49	2	111	3	21	4	77	5	44
	0	38	1	66	2	112	3	22	4	76	5	49
	0	44	1	62	2	108	3	21	4	72	5	48
Resources
1
R0
30
	0	7	1	1	2	1	3	6	4	8	5	8
	0	6	1	8	2	7	3	3	4	9	5	5
	0	4	1	2	2	6	3	6	4	5	5	3
	0	7	1	3	2	8	3	9	4	6	5	6
	0	5	1	8	2	7	3	6	4	5	5	3
	0	9	1	1	2	5	3	1	4	9	5	1
	0	5	1	4	2	7	3	1	4	2	5	5
	0	4	1	1	2	3	3	5	4	4	5	5
	0	6	1	1	2	5	3	3	4	9	5	9
	0	5	1	3	2	8	3	1	4	3	5	5
	0	6	1	5	2	4	3	6	4	6	5	3
	0	6	1	2	2	4	3	7	4	8	5	7
