12	6	1
6
	0	4	1	18	2	97	3	63	4	52	5	37
	0	75	1	53	2	34	3	65	4	89	5	38
	0	23	1	93	2	51	3	37	4	96	5	90
	0	35	1	84	2	79	3	88	4	27	5	80
	0	6	1	89	2	1	3	56	4	12	5	98
	0	22	1	74	2	42	3	82	4	71	5	44
	0	95	1	51	2	100	3	73	4	87	5	67
	0	4	1	31	2	36	3	77	4	23	5	48
	0	83	1	70	2	74	3	35	4	24	5	59
	0	96	1	31	2	80	3	90	4	30	5	67
	0	81	1	78	2	19	3	70	4	85	5	56
	0	38	1	75	2	12	3	69	4	39	5	77
Resources
1
R0
30
	0	1	1	4	2	8	3	9	4	5	5	5
	0	9	1	7	2	3	3	7	4	9	5	1
	0	2	1	9	2	7	3	5	4	8	5	9
	0	1	1	9	2	9	3	8	4	4	5	7
	0	2	1	9	2	1	3	9	4	4	5	9
	0	5	1	7	2	3	3	9	4	6	5	6
	0	9	1	4	2	9	3	5	4	9	5	4
	0	1	1	2	2	6	3	9	4	5	5	6
	0	6	1	9	2	9	3	1	4	2	5	8
	0	9	1	3	2	9	3	6	4	3	5	7
	0	9	1	9	2	3	3	9	4	5	5	6
	0	5	1	4	2	1	3	6	4	5	5	7
