12	6	1
6
	0	44	1	76	2	11	3	80	4	47	5	46
	0	91	1	97	2	55	3	68	4	13	5	92
	0	4	1	39	2	66	3	61	4	40	5	32
	0	11	1	75	2	78	3	5	4	61	5	52
	0	96	1	28	2	81	3	50	4	49	5	47
	0	16	1	92	2	5	3	63	4	43	5	5
	0	9	1	44	2	45	3	95	4	77	5	51
	0	15	1	40	2	5	3	2	4	80	5	12
	0	10	1	52	2	57	3	20	4	94	5	3
	0	25	1	83	2	32	3	33	4	28	5	23
	0	89	1	56	2	3	3	87	4	55	5	7
	0	29	1	92	2	11	3	47	4	7	5	94
Resources
1
R0
30
	0	2	1	9	2	6	3	8	4	4	5	8
	0	5	1	1	2	6	3	6	4	6	5	2
	0	6	1	6	2	3	3	4	4	3	5	8
	0	7	1	4	2	3	3	9	4	3	5	1
	0	7	1	7	2	7	3	3	4	8	5	7
	0	3	1	4	2	6	3	6	4	5	5	2
	0	4	1	1	2	4	3	1	4	6	5	3
	0	2	1	7	2	2	3	1	4	1	5	5
	0	6	1	4	2	1	3	8	4	9	5	8
	0	4	1	7	2	4	3	3	4	7	5	2
	0	5	1	3	2	7	3	6	4	8	5	3
	0	8	1	3	2	3	3	8	4	8	5	2
