12	6	1
6
	0	27	1	30	2	70	3	69	4	6	5	13
	0	82	1	73	2	4	3	13	4	23	5	52
	0	85	1	46	2	25	3	71	4	83	5	12
	0	68	1	41	2	96	3	27	4	88	5	15
	0	96	1	79	2	97	3	9	4	70	5	15
	0	42	1	45	2	83	3	44	4	74	5	20
	0	70	1	72	2	54	3	8	4	43	5	62
	0	80	1	74	2	40	3	11	4	35	5	21
	0	81	1	65	2	69	3	62	4	61	5	46
	0	93	1	13	2	61	3	12	4	14	5	14
	0	93	1	42	2	80	3	75	4	55	5	39
	0	60	1	47	2	30	3	67	4	44	5	15
Resources
1
R0
30
	0	9	1	1	2	7	3	2	4	5	5	4
	0	7	1	1	2	1	3	6	4	8	5	8
	0	6	1	8	2	7	3	3	4	9	5	5
	0	4	1	2	2	6	3	6	4	5	5	3
	0	7	1	3	2	8	3	9	4	6	5	6
	0	5	1	8	2	7	3	6	4	5	5	3
	0	9	1	1	2	5	3	1	4	9	5	1
	0	5	1	4	2	7	3	1	4	2	5	5
	0	4	1	1	2	3	3	5	4	4	5	5
	0	6	1	1	2	5	3	3	4	9	5	9
	0	5	1	3	2	8	3	1	4	3	5	5
	0	6	1	5	2	4	3	6	4	6	5	3
