12	6	1
6
	0	41	1	42	2	53	3	57	4	39	5	57
	0	47	1	58	2	57	3	62	4	57	5	47
	0	77	1	84	2	79	3	90	4	80	5	86
	0	40	1	46	2	35	3	27	4	40	5	28
	0	82	1	82	2	88	3	91	4	84	5	89
	0	114	1	117	2	117	3	106	4	105	5	111
	0	90	1	93	2	87	3	87	4	91	5	87
	0	99	1	101	2	96	3	107	4	96	5	95
	0	35	1	38	2	31	3	30	4	40	5	35
	0	25	1	30	2	38	3	43	4	35	5	37
	0	21	1	5	2	5	3	20	4	24	5	23
	0	67	1	64	2	61	3	54	4	67	5	65
Resources
1
R0
30
	0	4	1	3	2	6	3	6	4	4	5	4
	0	7	1	8	2	8	3	4	4	6	5	2
	0	6	1	9	2	8	3	4	4	6	5	5
	0	3	1	6	2	4	3	1	4	6	5	5
	0	7	1	6	2	9	3	9	4	9	5	7
	0	9	1	7	2	9	3	6	4	9	5	9
	0	5	1	7	2	8	3	4	4	9	5	6
	0	7	1	7	2	8	3	8	4	7	5	9
	0	4	1	1	2	1	3	1	4	2	5	6
	0	1	1	3	2	6	3	5	4	5	5	4
	0	1	1	2	2	1	3	4	4	2	5	1
	0	9	1	8	2	2	3	7	4	6	5	2
