12	6	1
6
	0	46	1	53	2	22	3	61	4	48	5	44
	0	81	1	14	2	26	3	22	4	36	5	8
	0	94	1	1	2	76	3	84	4	5	5	79
	0	37	1	38	2	51	3	34	4	19	5	79
	0	92	1	41	2	24	3	7	4	8	5	23
	0	19	1	24	2	71	3	15	4	28	5	69
	0	51	1	63	2	43	3	69	4	41	5	45
	0	64	1	29	2	9	3	13	4	65	5	38
	0	75	1	66	2	80	3	98	4	10	5	45
	0	18	1	85	2	66	3	51	4	5	5	33
	0	24	1	95	2	43	3	38	4	75	5	62
	0	2	1	96	2	18	3	14	4	36	5	54
Resources
1
R0
30
	0	7	1	2	2	1	3	9	4	2	5	2
	0	5	1	3	2	3	3	3	4	3	5	2
	0	9	1	1	2	4	3	7	4	1	5	9
	0	7	1	3	2	3	3	4	4	1	5	9
	0	6	1	3	2	1	3	1	4	1	5	5
	0	5	1	6	2	5	3	1	4	5	5	9
	0	7	1	3	2	2	3	9	4	7	5	8
	0	7	1	6	2	3	3	5	4	5	5	3
	0	9	1	4	2	9	3	9	4	4	5	8
	0	1	1	9	2	5	3	7	4	2	5	5
	0	4	1	9	2	2	3	6	4	9	5	8
	0	1	1	9	2	1	3	3	4	4	5	2
