12	6	1
6
	0	100	1	101	2	115	3	117	4	118	5	118
	0	22	1	12	2	25	3	25	4	7	5	14
	0	71	1	65	2	65	3	66	4	64	5	81
	0	97	1	105	2	105	3	108	4	98	5	98
	0	68	1	60	2	61	3	59	4	60	5	54
	0	22	1	13	2	10	3	18	4	18	5	21
	0	87	1	92	2	89	3	87	4	93	5	93
	0	96	1	87	2	98	3	90	4	82	5	91
	0	35	1	41	2	44	3	31	4	43	5	31
	0	85	1	72	2	78	3	86	4	77	5	80
	0	22	1	13	2	16	3	4	4	17	5	20
	0	102	1	111	2	100	3	105	4	95	5	98
Resources
1
R0
30
	0	9	1	6	2	9	3	9	4	8	5	7
	0	1	1	1	2	2	3	1	4	1	5	1
	0	6	1	8	2	6	3	2	4	6	5	9
	0	9	1	9	2	5	3	6	4	6	5	9
	0	6	1	6	2	2	3	6	4	5	5	6
	0	3	1	3	2	1	3	1	4	1	5	1
	0	5	1	9	2	9	3	9	4	7	5	7
	0	9	1	7	2	5	3	8	4	7	5	9
	0	4	1	5	2	5	3	1	4	5	5	5
	0	4	1	3	2	9	3	8	4	7	5	9
	0	1	1	1	2	1	3	3	4	2	5	2
	0	9	1	9	2	7	3	9	4	8	5	6
