12	6	1
6
	0	112	1	145	2	184	3	200	4	125	5	126
	0	105	1	160	2	192	3	101	4	177	5	181
	0	150	1	193	2	137	3	124	4	168	5	119
	0	131	1	141	2	147	3	118	4	162	5	102
	0	133	1	173	2	176	3	145	4	172	5	187
	0	175	1	152	2	169	3	168	4	141	5	152
	0	193	1	141	2	101	3	149	4	194	5	194
	0	107	1	169	2	145	3	131	4	143	5	140
	0	118	1	173	2	159	3	195	4	176	5	164
	0	128	1	194	2	191	3	111	4	130	5	177
	0	196	1	154	2	159	3	146	4	148	5	146
	0	156	1	157	2	130	3	175	4	167	5	155
Resources
1
R0
30
	0	6	1	9	2	3	3	2	4	7	5	1
	0	6	1	5	2	2	3	2	4	3	5	5
	0	2	1	9	2	7	3	8	4	9	5	5
	0	1	1	7	2	4	3	7	4	1	5	6
	0	9	1	6	2	9	3	2	4	3	5	5
	0	2	1	3	2	5	3	9	4	9	5	4
	0	2	1	5	2	1	3	1	4	9	5	4
	0	1	1	2	2	6	3	3	4	1	5	2
	0	7	1	7	2	6	3	5	4	1	5	7
	0	5	1	5	2	4	3	8	4	2	5	4
	0	7	1	1	2	7	3	4	4	8	5	6
	0	8	1	4	2	7	3	9	4	8	5	6
