12	6	1
6
	0	16	1	13	2	23	3	15	4	21	5	11
	0	57	1	73	2	63	3	72	4	56	5	59
	0	21	1	19	2	15	3	4	4	6	5	19
	0	74	1	73	2	60	3	57	4	68	5	68
	0	113	1	99	2	106	3	99	4	105	5	101
	0	61	1	64	2	65	3	56	4	65	5	56
	0	72	1	62	2	63	3	79	4	69	5	70
	0	31	1	22	2	25	3	20	4	35	5	26
	0	97	1	100	2	99	3	99	4	100	5	86
	0	61	1	62	2	56	3	56	4	52	5	67
	0	94	1	99	2	89	3	93	4	92	5	90
	0	83	1	85	2	90	3	73	4	87	5	74
Resources
1
R0
30
	0	2	1	4	2	1	3	1	4	3	5	1
	0	2	1	6	2	7	3	4	4	5	5	2
	0	5	1	1	2	2	3	4	4	3	5	2
	0	9	1	9	2	6	3	2	4	8	5	4
	0	9	1	9	2	9	3	9	4	9	5	9
	0	3	1	3	2	6	3	5	4	3	5	8
	0	3	1	3	2	8	3	7	4	7	5	4
	0	2	1	4	2	4	3	5	4	4	5	2
	0	8	1	8	2	9	3	8	4	7	5	8
	0	6	1	7	2	3	3	5	4	7	5	7
	0	5	1	9	2	9	3	9	4	8	5	5
	0	5	1	5	2	9	3	5	4	9	5	3
