12	6	1
6
	0	33	1	36	2	73	3	72	4	14	5	21
	0	83	1	76	2	13	3	21	4	30	5	56
	0	86	1	51	2	31	3	73	4	85	5	20
	0	71	1	46	2	97	3	34	4	89	5	23
	0	97	1	81	2	98	3	18	4	73	5	23
	0	47	1	50	2	85	3	49	4	76	5	27
	0	72	1	75	2	58	3	17	4	48	5	65
	0	81	1	77	2	46	3	19	4	41	5	29
	0	83	1	68	2	72	3	66	4	64	5	51
	0	94	1	21	2	65	3	20	4	22	5	22
	0	93	1	47	2	82	3	77	4	59	5	45
	0	64	1	52	2	36	3	70	4	49	5	23
Resources
1
R0
30
	0	9	1	1	2	7	3	2	4	5	5	4
	0	7	1	1	2	1	3	6	4	8	5	8
	0	6	1	8	2	7	3	3	4	9	5	5
	0	4	1	2	2	6	3	6	4	5	5	3
	0	7	1	3	2	8	3	9	4	6	5	6
	0	5	1	8	2	7	3	6	4	5	5	3
	0	9	1	1	2	5	3	1	4	9	5	1
	0	5	1	4	2	7	3	1	4	2	5	5
	0	4	1	1	2	3	3	5	4	4	5	5
	0	6	1	1	2	5	3	3	4	9	5	9
	0	5	1	3	2	8	3	1	4	3	5	5
	0	6	1	5	2	4	3	6	4	6	5	3
