12	6	1
6
	0	26	1	24	2	32	3	19	4	28	5	18
	0	82	1	93	2	92	3	98	4	96	5	96
	0	14	1	20	2	13	3	31	4	24	5	20
	0	89	1	99	2	96	3	93	4	85	5	93
	0	79	1	84	2	90	3	91	4	93	5	84
	0	29	1	19	2	20	3	20	4	29	5	23
	0	83	1	79	2	70	3	88	4	72	5	70
	0	12	1	5	2	14	3	4	4	11	5	8
	0	34	1	22	2	32	3	18	4	33	5	16
	0	95	1	106	2	114	3	102	4	96	5	104
	0	37	1	56	2	47	3	44	4	54	5	39
	0	55	1	47	2	47	3	62	4	62	5	61
Resources
1
R0
30
	0	1	1	1	2	2	3	4	4	8	5	6
	0	6	1	9	2	2	3	8	4	2	5	7
	0	6	1	4	2	3	3	6	4	8	5	9
	0	3	1	7	2	9	3	9	4	7	5	4
	0	1	1	2	2	4	3	4	4	4	5	2
	0	9	1	3	2	9	3	7	4	8	5	6
	0	7	1	4	2	9	3	7	4	2	5	1
	0	4	1	6	2	4	3	1	4	4	5	6
	0	3	1	8	2	6	3	7	4	5	5	2
	0	7	1	1	2	7	3	4	4	1	5	4
	0	8	1	6	2	8	3	6	4	7	5	2
	0	1	1	2	2	3	3	7	4	6	5	3
