12	6	1
6
	0	65	1	52	2	37	3	34	4	88	5	81
	0	47	1	12	2	63	3	87	4	76	5	75
	0	80	1	78	2	86	3	28	4	22	5	50
	0	70	1	32	2	75	3	87	4	35	5	26
	0	83	1	23	2	93	3	91	4	16	5	47
	0	29	1	10	2	96	3	43	4	79	5	40
	0	37	1	59	2	86	3	65	4	34	5	58
	0	49	1	45	2	51	3	65	4	58	5	38
	0	35	1	61	2	64	3	57	4	69	5	79
	0	45	1	42	2	85	3	50	4	92	5	39
	0	63	1	44	2	74	3	39	4	64	5	66
	0	48	1	14	2	14	3	68	4	55	5	76
Resources
1
R0
30
	0	7	1	6	2	1	3	1	4	7	5	9
	0	7	1	1	2	7	3	7	4	9	5	6
	0	5	1	8	2	9	3	1	4	5	5	8
	0	7	1	1	2	4	3	9	4	4	5	1
	0	7	1	5	2	8	3	8	4	1	5	2
	0	5	1	3	2	8	3	6	4	4	5	5
	0	5	1	2	2	9	3	3	4	6	5	5
	0	2	1	6	2	2	3	6	4	6	5	2
	0	4	1	5	2	7	3	5	4	7	5	5
	0	6	1	4	2	9	3	7	4	9	5	1
	0	7	1	4	2	8	3	1	4	4	5	6
	0	2	1	1	2	1	3	8	4	3	5	6
