12	6	1
6
	0	49	1	78	2	19	3	82	4	52	5	51
	0	91	1	97	2	59	3	71	4	21	5	93
	0	13	1	44	2	69	3	65	4	45	5	39
	0	19	1	77	2	80	3	13	4	64	5	56
	0	97	1	34	2	82	3	55	4	54	5	52
	0	24	1	93	2	13	3	67	4	48	5	14
	0	17	1	49	2	50	3	96	4	79	5	55
	0	22	1	46	2	14	3	11	4	82	5	20
	0	19	1	57	2	61	3	27	4	95	5	12
	0	32	1	84	2	38	3	39	4	34	5	30
	0	90	1	60	2	11	3	89	4	59	5	16
	0	36	1	93	2	19	3	52	4	16	5	95
Resources
1
R0
30
	0	2	1	9	2	6	3	8	4	4	5	8
	0	5	1	1	2	6	3	6	4	6	5	2
	0	6	1	6	2	3	3	4	4	3	5	8
	0	7	1	4	2	3	3	9	4	3	5	1
	0	7	1	7	2	7	3	3	4	8	5	7
	0	3	1	4	2	6	3	6	4	5	5	2
	0	4	1	1	2	4	3	1	4	6	5	3
	0	2	1	7	2	2	3	1	4	1	5	5
	0	6	1	4	2	1	3	8	4	9	5	8
	0	4	1	7	2	4	3	3	4	7	5	2
	0	5	1	3	2	7	3	6	4	8	5	3
	0	8	1	3	2	3	3	8	4	8	5	2
