12	6	1
6
	0	69	1	68	2	25	3	89	4	15	5	21
	0	21	1	63	2	30	3	94	4	69	5	38
	0	70	1	4	2	79	3	17	4	35	5	30
	0	68	1	75	2	3	3	15	4	60	5	77
	0	91	1	98	2	1	3	13	4	31	5	57
	0	8	1	65	2	85	3	93	4	36	5	96
	0	71	1	27	2	78	3	60	4	28	5	29
	0	81	1	49	2	92	3	69	4	93	5	50
	0	9	1	91	2	33	3	34	4	64	5	19
	0	87	1	78	2	43	3	82	4	28	5	93
	0	10	1	63	2	60	3	98	4	22	5	79
	0	90	1	2	2	54	3	80	4	23	5	21
Resources
1
R0
30
	0	8	1	9	2	5	3	7	4	3	5	5
	0	2	1	7	2	4	3	8	4	8	5	3
	0	6	1	1	2	8	3	1	4	3	5	3
	0	4	1	5	2	3	3	1	4	6	5	5
	0	9	1	9	2	1	3	4	4	1	5	8
	0	1	1	7	2	8	3	9	4	1	5	7
	0	8	1	5	2	8	3	9	4	1	5	2
	0	9	1	5	2	9	3	5	4	8	5	8
	0	4	1	9	2	1	3	5	4	9	5	3
	0	9	1	9	2	2	3	8	4	5	5	7
	0	2	1	5	2	5	3	8	4	1	5	6
	0	7	1	1	2	5	3	7	4	5	5	2
