12	6	1
6
	0	86	1	66	2	39	3	60	4	58	5	59
	0	83	1	56	2	66	3	62	4	15	5	12
	0	58	1	81	2	89	3	59	4	49	5	96
	0	98	1	66	2	32	3	70	4	73	5	24
	0	82	1	75	2	72	3	96	4	37	5	78
	0	19	1	47	2	18	3	24	4	86	5	65
	0	56	1	26	2	27	3	57	4	23	5	43
	0	64	1	63	2	35	3	25	4	83	5	49
	0	66	1	84	2	22	3	91	4	27	5	56
	0	17	1	35	2	65	3	79	4	22	5	94
	0	51	1	16	2	90	3	93	4	15	5	82
	0	37	1	19	2	47	3	37	4	43	5	45
Resources
1
R0
30
	0	7	1	5	2	6	3	4	4	2	5	7
	0	8	1	5	2	8	3	4	4	1	5	1
	0	5	1	8	2	7	3	2	4	6	5	9
	0	9	1	3	2	4	3	8	4	9	5	4
	0	6	1	6	2	6	3	6	4	1	5	5
	0	1	1	5	2	2	3	1	4	8	5	9
	0	7	1	4	2	5	3	2	4	1	5	6
	0	5	1	5	2	1	3	4	4	9	5	7
	0	8	1	9	2	4	3	7	4	3	5	8
	0	1	1	4	2	8	3	7	4	3	5	9
	0	6	1	1	2	9	3	9	4	1	5	9
	0	1	1	4	2	3	3	3	4	4	5	7
