12	6	1
6
	0	13	1	45	2	84	3	100	4	25	5	27
	0	6	1	61	2	92	3	2	4	77	5	82
	0	50	1	93	2	38	3	24	4	69	5	20
	0	32	1	42	2	47	3	18	4	62	5	3
	0	34	1	73	2	77	3	45	4	72	5	87
	0	75	1	52	2	69	3	68	4	42	5	53
	0	94	1	42	2	2	3	49	4	94	5	94
	0	8	1	69	2	46	3	32	4	44	5	41
	0	19	1	74	2	60	3	95	4	76	5	64
	0	28	1	94	2	91	3	12	4	30	5	78
	0	96	1	54	2	59	3	46	4	48	5	47
	0	56	1	58	2	31	3	75	4	67	5	56
Resources
1
R0
30
	0	6	1	9	2	3	3	2	4	7	5	1
	0	6	1	5	2	2	3	2	4	3	5	5
	0	2	1	9	2	7	3	8	4	9	5	5
	0	1	1	7	2	4	3	7	4	1	5	6
	0	9	1	6	2	9	3	2	4	3	5	5
	0	2	1	3	2	5	3	9	4	9	5	4
	0	2	1	5	2	1	3	1	4	9	5	4
	0	1	1	2	2	6	3	3	4	1	5	2
	0	7	1	7	2	6	3	5	4	1	5	7
	0	5	1	5	2	4	3	8	4	2	5	4
	0	7	1	1	2	7	3	4	4	8	5	6
	0	8	1	4	2	7	3	9	4	8	5	6
