12	6	1
6
	0	61	1	47	2	31	3	28	4	86	5	79
	0	41	1	4	2	59	3	85	4	74	5	73
	0	78	1	76	2	85	3	21	4	14	5	45
	0	67	1	25	2	72	3	85	4	29	5	19
	0	81	1	16	2	92	3	90	4	8	5	42
	0	22	1	1	2	96	3	38	4	77	5	34
	0	31	1	55	2	84	3	61	4	28	5	54
	0	44	1	40	2	46	3	62	4	53	5	32
	0	29	1	57	2	61	3	53	4	66	5	76
	0	39	1	36	2	84	3	45	4	91	5	33
	0	60	1	38	2	72	3	33	4	60	5	63
	0	43	1	5	2	6	3	65	4	51	5	73
Resources
1
R0
30
	0	7	1	6	2	1	3	1	4	7	5	9
	0	7	1	1	2	7	3	7	4	9	5	6
	0	5	1	8	2	9	3	1	4	5	5	8
	0	7	1	1	2	4	3	9	4	4	5	1
	0	7	1	5	2	8	3	8	4	1	5	2
	0	5	1	3	2	8	3	6	4	4	5	5
	0	5	1	2	2	9	3	3	4	6	5	5
	0	2	1	6	2	2	3	6	4	6	5	2
	0	4	1	5	2	7	3	5	4	7	5	5
	0	6	1	4	2	9	3	7	4	9	5	1
	0	7	1	4	2	8	3	1	4	4	5	6
	0	2	1	1	2	1	3	8	4	3	5	6
