12	6	1
6
	0	98	1	97	2	90	3	56	4	31	5	87
	0	92	1	90	2	77	3	61	4	22	5	83
	0	97	1	88	2	86	3	66	4	26	5	89
	0	96	1	99	2	73	3	65	4	33	5	87
	0	96	1	99	2	79	3	59	4	36	5	88
	0	102	1	92	2	72	3	57	4	23	5	88
	0	96	1	84	2	74	3	70	4	39	5	88
	0	98	1	93	2	87	3	62	4	30	5	87
	0	97	1	93	2	83	3	66	4	22	5	98
	0	87	1	83	2	81	3	70	4	38	5	85
	0	86	1	95	2	74	3	56	4	39	5	82
	0	96	1	94	2	74	3	71	4	22	5	95
Resources
1
R0
30
	0	8	1	8	2	9	3	3	4	1	5	4
	0	7	1	7	2	5	3	2	4	4	5	9
	0	9	1	4	2	8	3	6	4	5	5	9
	0	6	1	7	2	5	3	2	4	1	5	5
	0	8	1	9	2	7	3	3	4	3	5	9
	0	9	1	9	2	9	3	2	4	1	5	9
	0	7	1	6	2	3	3	8	4	4	5	9
	0	9	1	9	2	9	3	3	4	4	5	9
	0	8	1	9	2	9	3	5	4	3	5	8
	0	8	1	4	2	9	3	8	4	3	5	9
	0	5	1	9	2	5	3	5	4	3	5	9
	0	7	1	8	2	8	3	7	4	5	5	9
