16	4	1
4
	0	84	1	26	2	55	3	53
	0	82	1	27	2	43	3	57
	0	72	1	25	2	46	3	43
	0	76	1	39	2	53	3	46
	0	70	1	26	2	60	3	59
	0	65	1	36	2	58	3	42
	0	68	1	34	2	59	3	44
	0	74	1	23	2	46	3	44
	0	82	1	40	2	56	3	49
	0	70	1	39	2	56	3	54
	0	73	1	32	2	54	3	52
	0	72	1	29	2	54	3	56
	0	80	1	27	2	52	3	55
	0	73	1	26	2	50	3	47
	0	79	1	34	2	51	3	57
	0	71	1	27	2	53	3	52
Resources
1
R0
20
	0	6	1	7	2	4	3	9
	0	4	1	1	2	4	3	2
	0	5	1	2	2	7	3	7
	0	2	1	7	2	8	3	6
	0	1	1	9	2	8	3	8
	0	6	1	2	2	5	3	6
	0	1	1	8	2	7	3	9
	0	2	1	7	2	5	3	1
	0	2	1	9	2	4	3	5
	0	5	1	1	2	4	3	7
	0	5	1	5	2	6	3	7
	0	8	1	6	2	7	3	7
	0	3	1	4	2	2	3	6
	0	8	1	8	2	3	3	9
	0	3	1	7	2	6	3	2
	0	1	1	9	2	8	3	7
