16	4	1
4
	0	25	1	31	2	42	3	39
	0	88	1	85	2	82	3	86
	0	41	1	46	2	44	3	53
	0	92	1	88	2	99	3	97
	0	95	1	102	2	95	3	87
	0	49	1	46	2	46	3	50
	0	104	1	117	2	116	3	110
	0	108	1	110	2	110	3	118
	0	47	1	48	2	53	3	48
	0	90	1	108	2	99	3	93
	0	29	1	16	2	23	3	26
	0	10	1	14	2	15	3	23
	0	75	1	79	2	72	3	68
	0	72	1	63	2	72	3	60
	0	88	1	71	2	80	3	86
	0	32	1	41	2	44	3	34
Resources
1
R0
20
	0	5	1	1	2	5	3	1
	0	4	1	6	2	7	3	8
	0	2	1	7	2	3	3	1
	0	7	1	4	2	7	3	9
	0	9	1	6	2	8	3	9
	0	3	1	4	2	4	3	1
	0	5	1	9	2	9	3	9
	0	9	1	9	2	9	3	9
	0	1	1	5	2	1	3	5
	0	5	1	6	2	9	3	9
	0	6	1	1	2	5	3	1
	0	3	1	1	2	4	3	2
	0	8	1	6	2	7	3	6
	0	5	1	8	2	3	3	2
	0	9	1	8	2	4	3	9
	0	1	1	2	2	1	3	1
