16	4	1
4
	0	24	1	26	2	26	3	22
	0	85	1	85	2	94	3	103
	0	43	1	29	2	41	3	37
	0	89	1	77	2	94	3	93
	0	37	1	43	2	39	3	46
	0	63	1	51	2	70	3	65
	0	99	1	103	2	104	3	108
	0	59	1	64	2	56	3	65
	0	46	1	60	2	60	3	65
	0	78	1	75	2	67	3	63
	0	25	1	41	2	28	3	26
	0	32	1	26	2	33	3	17
	0	68	1	55	2	66	3	50
	0	90	1	83	2	86	3	90
	0	73	1	74	2	65	3	73
	0	38	1	47	2	34	3	36
Resources
1
R0
20
	0	1	1	5	2	3	3	1
	0	4	1	8	2	6	3	5
	0	3	1	1	2	3	3	2
	0	4	1	4	2	8	3	9
	0	5	1	6	2	6	3	7
	0	7	1	1	2	5	3	7
	0	8	1	7	2	8	3	6
	0	3	1	7	2	4	3	8
	0	1	1	6	2	3	3	6
	0	4	1	5	2	7	3	3
	0	1	1	5	2	1	3	3
	0	1	1	1	2	3	3	1
	0	6	1	8	2	7	3	7
	0	9	1	9	2	5	3	9
	0	5	1	5	2	2	3	6
	0	2	1	5	2	5	3	1
