16	4	1
4
	0	76	1	81	2	85	3	90
	0	30	1	34	2	34	3	36
	0	32	1	37	2	31	3	47
	0	87	1	78	2	80	3	92
	0	91	1	80	2	94	3	98
	0	22	1	27	2	36	3	30
	0	30	1	27	2	23	3	32
	0	3	1	9	2	18	3	16
	0	78	1	82	2	95	3	86
	0	31	1	33	2	34	3	46
	0	83	1	89	2	87	3	81
	0	4	1	8	2	21	3	17
	0	81	1	83	2	86	3	76
	0	95	1	81	2	95	3	92
	0	28	1	32	2	32	3	33
	0	15	1	27	2	32	3	18
Resources
1
R0
20
	0	6	1	4	2	6	3	2
	0	3	1	7	2	2	3	1
	0	9	1	7	2	3	3	3
	0	6	1	2	2	3	3	5
	0	2	1	4	2	6	3	9
	0	4	1	3	2	7	3	8
	0	6	1	1	2	2	3	1
	0	1	1	8	2	2	3	6
	0	5	1	5	2	9	3	1
	0	8	1	2	2	1	3	7
	0	5	1	3	2	2	3	2
	0	9	1	6	2	5	3	1
	0	2	1	1	2	5	3	7
	0	5	1	7	2	9	3	3
	0	6	1	8	2	7	3	8
	0	7	1	9	2	4	3	7
