16	4	1
4
	0	69	1	62	2	55	3	80
	0	41	1	21	2	86	3	92
	0	17	1	79	2	77	3	53
	0	57	1	18	2	10	3	24
	0	55	1	7	2	15	3	21
	0	50	1	90	2	86	3	70
	0	45	1	13	2	19	3	89
	0	62	1	66	2	75	3	100
	0	17	1	55	2	70	3	60
	0	26	1	92	2	91	3	16
	0	24	1	26	2	33	3	91
	0	23	1	76	2	61	3	92
	0	87	1	11	2	5	3	40
	0	30	1	40	2	67	3	32
	0	48	1	34	2	66	3	18
	0	67	1	71	2	98	3	15
Resources
1
R0
20
	0	5	1	3	2	3	3	7
	0	4	1	3	2	5	3	9
	0	1	1	9	2	9	3	5
	0	5	1	1	2	1	3	1
	0	8	1	4	2	4	3	1
	0	8	1	8	2	6	3	4
	0	4	1	1	2	1	3	6
	0	4	1	5	2	8	3	9
	0	1	1	6	2	4	3	7
	0	1	1	9	2	9	3	5
	0	1	1	5	2	1	3	6
	0	1	1	9	2	7	3	9
	0	8	1	1	2	1	3	6
	0	4	1	7	2	8	3	1
	0	5	1	4	2	3	3	1
	0	7	1	7	2	9	3	4
