16	4	1
4
	0	42	1	59	2	25	3	26
	0	25	1	13	2	19	3	44
	0	85	1	63	2	25	3	34
	0	20	1	18	2	74	3	69
	0	27	1	53	2	18	3	32
	0	51	1	77	2	36	3	94
	0	88	1	50	2	74	3	34
	0	32	1	37	2	37	3	34
	0	23	1	16	2	85	3	49
	0	72	1	74	2	55	3	96
	0	79	1	77	2	79	3	37
	0	63	1	95	2	46	3	95
	0	37	1	26	2	86	3	44
	0	96	1	64	2	79	3	46
	0	76	1	96	2	92	3	66
	0	44	1	37	2	22	3	29
Resources
1
R0
20
	0	9	1	9	2	8	3	9
	0	6	1	3	2	4	3	5
	0	2	1	8	2	9	3	7
	0	1	1	9	2	9	3	9
	0	6	1	6	2	7	3	3
	0	3	1	1	2	7	3	6
	0	7	1	2	2	1	3	4
	0	5	1	6	2	4	3	2
	0	1	1	8	2	8	3	8
	0	9	1	2	2	7	3	4
	0	4	1	5	2	5	3	6
	0	6	1	3	2	5	3	2
	0	5	1	5	2	5	3	1
	0	5	1	3	2	4	3	9
	0	4	1	1	2	7	3	6
	0	5	1	4	2	3	3	5
