16	4	1
4
	0	30	1	53	2	44	3	86
	0	35	1	10	2	85	3	55
	0	80	1	43	2	6	3	58
	0	97	1	40	2	98	3	53
	0	16	1	90	2	54	3	97
	0	76	1	56	2	36	3	32
	0	58	1	82	2	73	3	100
	0	38	1	14	2	83	3	83
	0	78	1	53	2	13	3	67
	0	25	1	37	2	15	3	31
	0	50	1	33	2	36	3	61
	0	4	1	72	2	45	3	86
	0	99	1	95	2	71	3	48
	0	20	1	34	2	77	3	88
	0	53	1	9	2	57	3	57
	0	45	1	59	2	52	3	61
Resources
1
R0
20
	0	6	1	8	2	7	3	6
	0	2	1	1	2	5	3	6
	0	9	1	4	2	1	3	5
	0	8	1	4	2	9	3	3
	0	4	1	8	2	8	3	9
	0	6	1	4	2	7	3	2
	0	9	1	5	2	6	3	9
	0	7	1	1	2	9	3	7
	0	6	1	6	2	5	3	8
	0	3	1	1	2	5	3	1
	0	5	1	6	2	4	3	9
	0	1	1	4	2	8	3	9
	0	7	1	7	2	6	3	4
	0	1	1	7	2	6	3	8
	0	6	1	4	2	3	3	9
	0	7	1	6	2	5	3	9
