16	4	1
4
	0	46	1	47	2	53	3	52
	0	73	1	44	2	45	3	44
	0	13	1	6	2	44	3	23
	0	81	1	15	2	7	3	91
	0	25	1	56	2	84	3	84
	0	98	1	8	2	45	3	71
	0	46	1	56	2	42	3	82
	0	38	1	32	2	86	3	59
	0	3	1	76	2	62	3	33
	0	5	1	28	2	56	3	24
	0	37	1	42	2	16	3	71
	0	40	1	21	2	33	3	80
	0	53	1	87	2	51	3	4
	0	76	1	66	2	98	3	39
	0	71	1	3	2	43	3	57
	0	80	1	3	2	81	3	55
Resources
1
R0
20
	0	7	1	8	2	4	3	3
	0	4	1	1	2	3	3	6
	0	3	1	1	2	2	3	2
	0	9	1	1	2	4	3	6
	0	6	1	4	2	8	3	9
	0	9	1	1	2	7	3	6
	0	4	1	5	2	7	3	6
	0	5	1	4	2	7	3	9
	0	1	1	5	2	3	3	6
	0	1	1	3	2	9	3	1
	0	5	1	3	2	4	3	8
	0	2	1	1	2	2	3	9
	0	3	1	9	2	7	3	1
	0	8	1	6	2	9	3	5
	0	6	1	1	2	7	3	5
	0	7	1	3	2	6	3	6
