16	4	1
4
	0	37	1	57	2	49	3	87
	0	41	1	18	2	86	3	59
	0	82	1	48	2	14	3	62
	0	97	1	45	2	99	3	58
	0	23	1	91	2	58	3	98
	0	78	1	60	2	42	3	38
	0	61	1	84	2	76	3	100
	0	44	1	21	2	85	3	84
	0	80	1	58	2	21	3	70
	0	32	1	43	2	22	3	38
	0	54	1	39	2	42	3	64
	0	12	1	74	2	50	3	87
	0	99	1	96	2	73	3	53
	0	27	1	40	2	79	3	89
	0	57	1	17	2	61	3	61
	0	50	1	63	2	57	3	64
Resources
1
R0
20
	0	6	1	8	2	7	3	6
	0	2	1	1	2	5	3	6
	0	9	1	4	2	1	3	5
	0	8	1	4	2	9	3	3
	0	4	1	8	2	8	3	9
	0	6	1	4	2	7	3	2
	0	9	1	5	2	6	3	9
	0	7	1	1	2	9	3	7
	0	6	1	6	2	5	3	8
	0	3	1	1	2	5	3	1
	0	5	1	6	2	4	3	9
	0	1	1	4	2	8	3	9
	0	7	1	7	2	6	3	4
	0	1	1	7	2	6	3	8
	0	6	1	4	2	3	3	9
	0	7	1	6	2	5	3	9
