16	4	1
4
	0	56	1	73	2	69	3	20
	0	57	1	73	2	63	3	18
	0	57	1	76	2	68	3	24
	0	61	1	58	2	74	3	12
	0	55	1	65	2	67	3	19
	0	55	1	71	2	70	3	5
	0	55	1	66	2	71	3	13
	0	49	1	68	2	66	3	16
	0	48	1	65	2	77	3	20
	0	55	1	73	2	70	3	5
	0	51	1	64	2	67	3	21
	0	63	1	63	2	69	3	15
	0	49	1	74	2	78	3	19
	0	48	1	68	2	73	3	22
	0	65	1	57	2	80	3	13
	0	51	1	72	2	73	3	10
Resources
1
R0
20
	0	2	1	3	2	4	3	4
	0	6	1	3	2	3	3	1
	0	7	1	4	2	9	3	1
	0	8	1	3	2	6	3	2
	0	5	1	5	2	8	3	1
	0	4	1	5	2	9	3	1
	0	6	1	6	2	5	3	4
	0	4	1	4	2	2	3	5
	0	3	1	5	2	9	3	1
	0	6	1	5	2	8	3	2
	0	2	1	2	2	5	3	4
	0	3	1	7	2	8	3	1
	0	5	1	6	2	7	3	3
	0	3	1	3	2	9	3	1
	0	4	1	7	2	5	3	2
	0	2	1	9	2	7	3	3
