16	4	1
4
	0	79	1	82	2	27	3	26
	0	60	1	67	2	38	3	30
	0	58	1	67	2	75	3	11
	0	41	1	97	2	77	3	28
	0	39	1	66	2	25	3	92
	0	51	1	79	2	43	3	69
	0	51	1	36	2	52	3	63
	0	27	1	68	2	93	3	95
	0	40	1	95	2	30	3	73
	0	27	1	30	2	13	3	62
	0	94	1	20	2	36	3	31
	0	91	1	65	2	87	3	74
	0	38	1	23	2	26	3	20
	0	19	1	96	2	48	3	66
	0	19	1	66	2	67	3	67
	0	48	1	93	2	36	3	32
Resources
1
R0
20
	0	1	1	8	2	1	3	9
	0	8	1	2	2	9	3	6
	0	4	1	6	2	2	3	7
	0	9	1	9	2	3	3	5
	0	6	1	1	2	3	3	3
	0	1	1	3	2	2	3	7
	0	5	1	9	2	9	3	6
	0	1	1	2	2	1	3	8
	0	2	1	8	2	3	3	4
	0	2	1	2	2	1	3	4
	0	3	1	2	2	9	3	8
	0	4	1	5	2	1	3	6
	0	4	1	5	2	1	3	8
	0	3	1	5	2	6	3	9
	0	9	1	6	2	8	3	9
	0	9	1	1	2	1	3	6
