16	4	1
4
	0	169	1	162	2	155	3	180
	0	140	1	120	2	186	3	192
	0	116	1	178	2	177	3	152
	0	156	1	117	2	109	3	124
	0	155	1	106	2	114	3	121
	0	150	1	190	2	186	3	169
	0	144	1	112	2	118	3	189
	0	161	1	166	2	174	3	200
	0	116	1	154	2	170	3	159
	0	125	1	192	2	191	3	115
	0	123	1	125	2	132	3	191
	0	122	1	176	2	161	3	192
	0	186	1	110	2	104	3	140
	0	129	1	140	2	166	3	131
	0	147	1	134	2	165	3	117
	0	166	1	171	2	198	3	114
Resources
1
R0
20
	0	5	1	3	2	4	3	7
	0	4	1	3	2	5	3	9
	0	1	1	9	2	9	3	5
	0	5	1	1	2	1	3	1
	0	9	1	4	2	4	3	1
	0	8	1	8	2	6	3	4
	0	4	1	1	2	1	3	6
	0	4	1	6	2	8	3	9
	0	1	1	6	2	4	3	7
	0	1	1	9	2	9	3	5
	0	1	1	5	2	1	3	6
	0	1	1	9	2	7	3	9
	0	8	1	1	2	1	3	6
	0	4	1	7	2	8	3	1
	0	5	1	4	2	3	3	1
	0	7	1	7	2	9	3	4
