16	4	1
4
	0	129	1	152	2	144	3	185
	0	134	1	109	2	185	3	154
	0	180	1	142	2	105	3	157
	0	197	1	139	2	198	3	153
	0	115	1	189	2	153	3	197
	0	176	1	156	2	135	3	131
	0	157	1	182	2	173	3	200
	0	138	1	113	2	183	3	183
	0	177	1	153	2	112	3	167
	0	124	1	136	2	114	3	131
	0	149	1	132	2	136	3	160
	0	103	1	171	2	144	3	186
	0	199	1	195	2	170	3	148
	0	119	1	133	2	177	3	188
	0	152	1	108	2	156	3	156
	0	144	1	158	2	152	3	160
Resources
1
R0
20
	0	6	1	8	2	8	3	6
	0	2	1	1	2	5	3	6
	0	9	1	4	2	1	3	5
	0	8	1	4	2	9	3	3
	0	4	1	8	2	8	3	9
	0	6	1	4	2	7	3	2
	0	9	1	5	2	6	3	9
	0	7	1	1	2	9	3	7
	0	6	1	6	2	5	3	8
	0	3	1	1	2	5	3	1
	0	5	1	6	2	4	3	9
	0	1	1	4	2	8	3	9
	0	8	1	7	2	6	3	4
	0	1	1	7	2	7	3	9
	0	6	1	4	2	3	3	9
	0	7	1	6	2	5	3	9
