16	4	1
4
	0	192	1	167	2	159	3	176
	0	119	1	198	2	156	3	141
	0	173	1	110	2	117	3	182
	0	104	1	185	2	113	3	165
	0	163	1	104	2	195	3	123
	0	114	1	102	2	173	3	197
	0	189	1	118	2	133	3	117
	0	150	1	193	2	162	3	105
	0	191	1	178	2	105	3	200
	0	154	1	179	2	158	3	105
	0	176	1	116	2	160	3	176
	0	158	1	117	2	141	3	107
	0	162	1	126	2	170	3	173
	0	131	1	148	2	143	3	168
	0	134	1	107	2	188	3	189
	0	134	1	143	2	197	3	136
Resources
1
R0
20
	0	8	1	2	2	9	3	4
	0	6	1	6	2	8	3	1
	0	8	1	2	2	3	3	2
	0	1	1	8	2	1	3	7
	0	1	1	4	2	9	3	2
	0	9	1	8	2	7	3	8
	0	8	1	1	2	3	3	3
	0	4	1	6	2	5	3	5
	0	7	1	2	2	3	3	5
	0	9	1	2	2	2	3	5
	0	9	1	5	2	4	3	5
	0	9	1	5	2	6	3	7
	0	8	1	8	2	7	3	1
	0	4	1	8	2	3	3	4
	0	3	1	5	2	7	3	9
	0	9	1	3	2	8	3	4
