16	4	1
4
	0	92	1	68	2	59	3	76
	0	20	1	98	2	57	3	42
	0	74	1	11	2	18	3	82
	0	5	1	85	2	14	3	66
	0	63	1	5	2	95	3	24
	0	14	1	3	2	73	3	97
	0	89	1	19	2	34	3	18
	0	50	1	93	2	62	3	6
	0	91	1	78	2	6	3	100
	0	54	1	79	2	58	3	6
	0	76	1	17	2	60	3	76
	0	58	1	18	2	41	3	8
	0	63	1	27	2	71	3	74
	0	32	1	48	2	43	3	68
	0	34	1	8	2	88	3	89
	0	35	1	44	2	97	3	36
Resources
1
R0
20
	0	8	1	2	2	9	3	4
	0	6	1	6	2	8	3	1
	0	8	1	2	2	3	3	2
	0	1	1	8	2	1	3	7
	0	1	1	4	2	9	3	2
	0	9	1	8	2	7	3	8
	0	8	1	1	2	3	3	3
	0	4	1	6	2	5	3	5
	0	7	1	2	2	3	3	5
	0	9	1	2	2	2	3	5
	0	9	1	5	2	4	3	5
	0	9	1	5	2	6	3	7
	0	8	1	8	2	7	3	1
	0	4	1	8	2	3	3	4
	0	3	1	5	2	7	3	9
	0	9	1	3	2	8	3	4
