16	4	1
4
	0	15	1	19	2	21	3	20
	0	88	1	104	2	107	3	103
	0	52	1	71	2	59	3	58
	0	99	1	107	2	110	3	111
	0	37	1	37	2	49	3	48
	0	46	1	37	2	33	3	29
	0	107	1	99	2	92	3	102
	0	16	1	21	2	31	3	31
	0	69	1	67	2	66	3	74
	0	42	1	47	2	35	3	36
	0	60	1	55	2	62	3	68
	0	25	1	10	2	11	3	27
	0	46	1	38	2	42	3	37
	0	95	1	94	2	102	3	97
	0	79	1	73	2	70	3	74
	0	69	1	69	2	61	3	55
Resources
1
R0
20
	0	1	1	3	2	5	3	1
	0	5	1	5	2	6	3	5
	0	5	1	4	2	8	3	4
	0	6	1	8	2	9	3	7
	0	1	1	6	2	3	3	6
	0	5	1	1	2	1	3	1
	0	7	1	9	2	9	3	5
	0	1	1	5	2	4	3	3
	0	5	1	6	2	5	3	7
	0	4	1	2	2	3	3	1
	0	5	1	2	2	2	3	3
	0	1	1	1	2	1	3	3
	0	4	1	6	2	5	3	4
	0	6	1	7	2	5	3	9
	0	4	1	4	2	7	3	6
	0	4	1	5	2	8	3	5
