16	4	1
4
	0	36	1	55	2	17	3	18
	0	18	1	4	2	11	3	38
	0	83	1	59	2	18	3	27
	0	12	1	10	2	72	3	65
	0	19	1	48	2	10	3	25
	0	47	1	75	2	29	3	93
	0	86	1	45	2	72	3	27
	0	26	1	31	2	31	3	28
	0	16	1	8	2	84	3	44
	0	69	1	71	2	51	3	96
	0	77	1	75	2	77	3	31
	0	60	1	95	2	40	3	95
	0	30	1	19	2	84	3	38
	0	96	1	60	2	77	3	41
	0	73	1	95	2	91	3	63
	0	38	1	31	2	15	3	22
Resources
1
R0
20
	0	9	1	9	2	8	3	9
	0	6	1	3	2	4	3	5
	0	2	1	8	2	9	3	7
	0	1	1	9	2	9	3	9
	0	6	1	6	2	7	3	3
	0	3	1	1	2	7	3	6
	0	7	1	2	2	1	3	4
	0	5	1	6	2	4	3	2
	0	1	1	8	2	8	3	8
	0	9	1	2	2	7	3	4
	0	4	1	5	2	5	3	6
	0	6	1	3	2	5	3	2
	0	5	1	5	2	5	3	1
	0	5	1	3	2	4	3	9
	0	4	1	1	2	7	3	6
	0	5	1	4	2	3	3	5
