16	4	1
4
	0	185	1	156	2	163	3	146
	0	179	1	155	2	146	3	181
	0	149	1	142	2	114	3	117
	0	140	1	193	2	117	3	162
	0	164	1	172	2	145	3	107
	0	171	1	141	2	196	3	108
	0	133	1	187	2	187	3	171
	0	161	1	185	2	178	3	176
	0	142	1	177	2	118	3	124
	0	105	1	184	2	132	3	107
	0	110	1	134	2	111	3	100
	0	160	1	124	2	149	3	186
	0	140	1	102	2	185	3	196
	0	185	1	172	2	187	3	183
	0	166	1	128	2	151	3	118
	0	101	1	114	2	126	3	108
Resources
1
R0
20
	0	5	1	3	2	7	3	5
	0	7	1	4	2	3	3	9
	0	2	1	3	2	5	3	3
	0	6	1	9	2	1	3	9
	0	3	1	9	2	3	3	1
	0	5	1	5	2	6	3	1
	0	6	1	9	2	8	3	9
	0	3	1	9	2	5	3	9
	0	4	1	5	2	1	3	6
	0	1	1	9	2	3	3	4
	0	1	1	2	2	3	3	3
	0	4	1	5	2	2	3	5
	0	4	1	1	2	9	3	9
	0	9	1	7	2	9	3	6
	0	6	1	4	2	8	3	3
	0	1	1	5	2	3	3	1
