16	4	1
4
	0	51	1	40	2	44	3	42
	0	66	1	77	2	59	3	76
	0	82	1	77	2	78	3	92
	0	28	1	40	2	22	3	23
	0	92	1	80	2	81	3	87
	0	43	1	57	2	53	3	40
	0	56	1	63	2	65	3	63
	0	87	1	93	2	81	3	78
	0	74	1	76	2	80	3	63
	0	76	1	72	2	68	3	81
	0	54	1	52	2	66	3	54
	0	95	1	93	2	84	3	95
	0	84	1	76	2	81	3	69
	0	93	1	84	2	95	3	98
	0	85	1	68	2	78	3	70
	0	21	1	31	2	29	3	30
Resources
1
R0
20
	0	6	1	9	2	2	3	2
	0	5	1	4	2	7	3	9
	0	2	1	9	2	4	3	2
	0	9	1	6	2	6	3	7
	0	1	1	4	2	1	3	3
	0	2	1	3	2	4	3	9
	0	8	1	4	2	6	3	8
	0	2	1	6	2	6	3	1
	0	6	1	5	2	4	3	3
	0	2	1	9	2	8	3	7
	0	9	1	8	2	2	3	8
	0	5	1	1	2	7	3	1
	0	2	1	8	2	5	3	2
	0	9	1	4	2	5	3	2
	0	8	1	4	2	4	3	8
	0	7	1	3	2	4	3	1
