16	4	1
4
	0	86	1	60	2	67	3	51
	0	81	1	60	2	51	3	83
	0	54	1	47	2	22	3	25
	0	46	1	94	2	26	3	66
	0	68	1	75	2	50	3	17
	0	74	1	47	2	96	3	17
	0	40	1	89	2	89	3	74
	0	65	1	86	2	80	3	79
	0	48	1	79	2	26	3	32
	0	14	1	85	2	39	3	16
	0	19	1	40	2	20	3	10
	0	64	1	32	2	54	3	88
	0	46	1	12	2	87	3	96
	0	87	1	75	2	89	3	85
	0	69	1	35	2	56	3	26
	0	11	1	23	2	34	3	17
Resources
1
R0
20
	0	5	1	3	2	7	3	5
	0	7	1	4	2	3	3	9
	0	2	1	3	2	5	3	3
	0	6	1	9	2	1	3	9
	0	3	1	9	2	3	3	1
	0	5	1	5	2	6	3	1
	0	6	1	9	2	8	3	9
	0	3	1	9	2	5	3	9
	0	4	1	4	2	1	3	6
	0	1	1	9	2	3	3	4
	0	1	1	2	2	3	3	3
	0	4	1	5	2	2	3	5
	0	4	1	1	2	9	3	9
	0	9	1	7	2	9	3	6
	0	5	1	4	2	8	3	3
	0	1	1	5	2	3	3	1
