16	4	1
4
	0	47	1	50	2	93	3	58
	0	40	1	53	2	98	3	50
	0	40	1	58	2	99	3	54
	0	40	1	63	2	95	3	47
	0	37	1	54	2	104	3	53
	0	39	1	67	2	100	3	57
	0	44	1	66	2	99	3	57
	0	53	1	57	2	100	3	51
	0	48	1	63	2	91	3	46
	0	40	1	54	2	96	3	45
	0	42	1	54	2	103	3	41
	0	39	1	55	2	92	3	43
	0	38	1	55	2	103	3	57
	0	51	1	54	2	90	3	57
	0	49	1	52	2	88	3	55
	0	40	1	50	2	101	3	58
Resources
1
R0
20
	0	6	1	3	2	4	3	5
	0	2	1	8	2	9	3	7
	0	1	1	9	2	9	3	9
	0	6	1	6	2	7	3	3
	0	3	1	1	2	7	3	6
	0	7	1	2	2	1	3	4
	0	5	1	6	2	4	3	2
	0	1	1	8	2	8	3	8
	0	9	1	2	2	7	3	4
	0	4	1	5	2	5	3	6
	0	6	1	3	2	5	3	2
	0	5	1	5	2	5	3	1
	0	5	1	3	2	4	3	9
	0	4	1	1	2	7	3	6
	0	5	1	4	2	3	3	5
	0	1	1	6	2	4	3	9
