16	4	1
4
	0	85	1	56	2	63	3	46
	0	79	1	56	2	46	3	81
	0	50	1	42	2	14	3	18
	0	40	1	93	2	18	3	62
	0	65	1	73	2	45	3	8
	0	72	1	41	2	96	3	9
	0	34	1	87	2	87	3	71
	0	61	1	85	2	78	3	77
	0	43	1	77	2	19	3	25
	0	6	1	84	2	33	3	8
	0	11	1	34	2	12	3	1
	0	60	1	25	2	49	3	86
	0	40	1	3	2	85	3	96
	0	85	1	72	2	88	3	83
	0	66	1	28	2	52	3	19
	0	2	1	15	2	27	3	9
Resources
1
R0
20
	0	5	1	3	2	7	3	5
	0	7	1	4	2	3	3	9
	0	2	1	3	2	5	3	3
	0	6	1	9	2	1	3	9
	0	3	1	9	2	3	3	1
	0	5	1	5	2	6	3	1
	0	6	1	9	2	8	3	9
	0	3	1	9	2	5	3	9
	0	4	1	4	2	1	3	6
	0	1	1	9	2	3	3	4
	0	1	1	2	2	3	3	3
	0	4	1	5	2	2	3	5
	0	4	1	1	2	9	3	9
	0	9	1	7	2	9	3	6
	0	5	1	4	2	8	3	3
	0	1	1	5	2	3	3	1
