16	4	1
4
	0	82	1	10	2	82	3	46
	0	80	1	12	2	76	3	48
	0	85	1	17	2	89	3	54
	0	78	1	25	2	89	3	47
	0	74	1	25	2	74	3	50
	0	87	1	21	2	75	3	47
	0	88	1	16	2	76	3	54
	0	73	1	10	2	77	3	44
	0	85	1	11	2	89	3	54
	0	85	1	25	2	75	3	55
	0	80	1	20	2	86	3	60
	0	81	1	21	2	83	3	43
	0	73	1	22	2	89	3	44
	0	71	1	27	2	88	3	42
	0	74	1	11	2	73	3	46
	0	80	1	18	2	71	3	47
Resources
1
R0
20
	0	7	1	2	2	4	3	4
	0	6	1	3	2	9	3	4
	0	6	1	1	2	6	3	2
	0	9	1	5	2	9	3	3
	0	9	1	1	2	4	3	1
	0	6	1	1	2	3	3	1
	0	5	1	1	2	7	3	4
	0	5	1	2	2	3	3	5
	0	5	1	1	2	7	3	8
	0	4	1	4	2	4	3	2
	0	5	1	4	2	8	3	8
	0	7	1	1	2	4	3	6
	0	7	1	5	2	8	3	2
	0	6	1	2	2	4	3	1
	0	6	1	1	2	9	3	6
	0	4	1	2	2	9	3	3
