16	4	1
4
	0	93	1	71	2	63	3	79
	0	27	1	98	2	61	3	47
	0	76	1	19	2	25	3	83
	0	14	1	86	2	22	3	69
	0	67	1	14	2	95	3	31
	0	22	1	12	2	76	3	98
	0	90	1	26	2	40	3	25
	0	55	1	94	2	65	3	14
	0	92	1	80	2	15	3	100
	0	58	1	81	2	62	3	14
	0	78	1	24	2	64	3	78
	0	62	1	25	2	47	3	17
	0	66	1	34	2	73	3	76
	0	38	1	53	2	49	3	71
	0	40	1	17	2	89	3	90
	0	40	1	49	2	98	3	42
Resources
1
R0
20
	0	8	1	2	2	9	3	4
	0	6	1	6	2	8	3	1
	0	8	1	2	2	3	3	2
	0	1	1	8	2	1	3	7
	0	1	1	4	2	9	3	2
	0	9	1	8	2	7	3	8
	0	8	1	1	2	3	3	3
	0	4	1	6	2	5	3	5
	0	7	1	2	2	3	3	5
	0	9	1	2	2	2	3	5
	0	9	1	5	2	4	3	5
	0	9	1	5	2	6	3	7
	0	8	1	8	2	7	3	1
	0	4	1	8	2	3	3	4
	0	3	1	5	2	7	3	9
	0	9	1	3	2	8	3	4
