16	4	1
4
	0	178	1	183	2	173	3	106
	0	138	1	111	2	181	3	129
	0	161	1	200	2	172	3	111
	0	170	1	131	2	127	3	119
	0	148	1	113	2	158	3	124
	0	165	1	194	2	147	3	185
	0	126	1	112	2	112	3	153
	0	151	1	165	2	195	3	113
	0	177	1	101	2	174	3	132
	0	178	1	148	2	105	3	146
	0	126	1	149	2	189	3	171
	0	163	1	138	2	150	3	127
	0	200	1	135	2	161	3	106
	0	146	1	166	2	178	3	149
	0	164	1	107	2	103	3	152
	0	137	1	156	2	176	3	106
Resources
1
R0
20
	0	8	1	3	2	8	3	5
	0	6	1	6	2	2	3	5
	0	6	1	2	2	8	3	2
	0	3	1	5	2	8	3	3
	0	1	1	1	2	4	3	8
	0	5	1	9	2	7	3	3
	0	7	1	2	2	8	3	9
	0	3	1	7	2	1	3	7
	0	9	1	4	2	4	3	7
	0	5	1	1	2	7	3	1
	0	7	1	8	2	9	3	6
	0	3	1	1	2	1	3	7
	0	8	1	2	2	2	3	8
	0	4	1	1	2	3	3	9
	0	6	1	2	2	9	3	9
	0	6	1	5	2	7	3	7
