16	4	1
4
	0	72	1	66	2	59	3	82
	0	46	1	28	2	87	3	93
	0	25	1	81	2	79	3	57
	0	60	1	26	2	18	3	31
	0	59	1	15	2	23	3	28
	0	55	1	91	2	88	3	72
	0	50	1	21	2	26	3	90
	0	65	1	69	2	77	3	100
	0	25	1	59	2	73	3	63
	0	32	1	93	2	92	3	23
	0	31	1	33	2	39	3	92
	0	30	1	78	2	65	3	93
	0	88	1	19	2	13	3	46
	0	36	1	46	2	70	3	38
	0	53	1	40	2	69	3	25
	0	70	1	74	2	98	3	22
Resources
1
R0
20
	0	5	1	3	2	3	3	7
	0	4	1	3	2	5	3	9
	0	1	1	9	2	9	3	5
	0	5	1	1	2	1	3	1
	0	8	1	4	2	4	3	1
	0	8	1	8	2	6	3	4
	0	4	1	1	2	1	3	6
	0	4	1	5	2	8	3	9
	0	1	1	6	2	4	3	7
	0	1	1	9	2	9	3	5
	0	1	1	5	2	1	3	6
	0	1	1	9	2	7	3	9
	0	8	1	1	2	1	3	6
	0	4	1	7	2	8	3	1
	0	5	1	4	2	3	3	1
	0	7	1	7	2	9	3	4
