16	4	1
4
	0	77	1	80	2	20	3	19
	0	56	1	63	2	32	3	23
	0	54	1	63	2	73	3	2
	0	35	1	96	2	75	3	21
	0	33	1	62	2	18	3	91
	0	46	1	77	2	38	3	65
	0	46	1	29	2	47	3	59
	0	20	1	65	2	92	3	95
	0	33	1	94	2	24	3	70
	0	20	1	22	2	4	3	58
	0	93	1	12	2	30	3	24
	0	90	1	61	2	85	3	71
	0	31	1	15	2	19	3	12
	0	11	1	96	2	43	3	63
	0	11	1	62	2	64	3	64
	0	43	1	92	2	30	3	25
Resources
1
R0
20
	0	1	1	8	2	1	3	9
	0	8	1	2	2	9	3	6
	0	4	1	6	2	2	3	7
	0	9	1	9	2	3	3	5
	0	6	1	1	2	3	3	3
	0	1	1	3	2	2	3	7
	0	5	1	9	2	9	3	6
	0	1	1	2	2	1	3	8
	0	2	1	8	2	3	3	4
	0	2	1	2	2	1	3	4
	0	3	1	2	2	9	3	8
	0	4	1	5	2	1	3	6
	0	4	1	5	2	1	3	8
	0	3	1	5	2	6	3	9
	0	9	1	6	2	8	3	9
	0	9	1	1	2	1	3	6
