16	4	1
4
	0	67	1	99	2	89	3	43
	0	62	1	32	2	14	3	24
	0	54	1	90	2	33	3	47
	0	42	1	81	2	46	3	76
	0	40	1	29	2	29	3	32
	0	24	1	87	2	29	3	75
	0	67	1	15	2	93	3	91
	0	58	1	43	2	35	3	28
	0	66	1	33	2	47	3	68
	0	11	1	25	2	59	3	89
	0	80	1	83	2	25	3	69
	0	72	1	62	2	63	3	51
	0	43	1	49	2	57	3	45
	0	66	1	86	2	21	3	36
	0	94	1	16	2	27	3	24
	0	46	1	71	2	60	3	80
Resources
1
R0
20
	0	7	1	3	2	8	3	6
	0	6	1	7	2	4	3	9
	0	4	1	1	2	4	3	2
	0	5	1	2	2	7	3	7
	0	2	1	7	2	8	3	6
	0	1	1	9	2	8	3	8
	0	6	1	2	2	5	3	6
	0	1	1	8	2	7	3	9
	0	2	1	7	2	5	3	1
	0	2	1	9	2	4	3	5
	0	5	1	1	2	4	3	7
	0	5	1	5	2	6	3	7
	0	8	1	6	2	7	3	7
	0	3	1	4	2	2	3	6
	0	8	1	8	2	3	3	9
	0	3	1	7	2	6	3	2
