16	4	1
4
	0	68	1	76	2	71	3	77
	0	83	1	84	2	92	3	89
	0	21	1	24	2	24	3	13
	0	60	1	59	2	75	3	67
	0	19	1	29	2	21	3	10
	0	98	1	92	2	103	3	105
	0	105	1	111	2	105	3	105
	0	43	1	46	2	43	3	40
	0	49	1	60	2	57	3	58
	0	34	1	36	2	36	3	47
	0	57	1	54	2	51	3	51
	0	72	1	86	2	72	3	73
	0	58	1	77	2	63	3	63
	0	48	1	52	2	52	3	53
	0	13	1	19	2	17	3	16
	0	98	1	90	2	91	3	85
Resources
1
R0
20
	0	1	1	4	2	4	3	8
	0	9	1	2	2	2	3	5
	0	6	1	3	2	1	3	7
	0	8	1	8	2	7	3	2
	0	9	1	6	2	8	3	4
	0	7	1	4	2	5	3	9
	0	9	1	1	2	2	3	6
	0	5	1	2	2	9	3	1
	0	3	1	4	2	6	3	8
	0	6	1	7	2	9	3	1
	0	8	1	5	2	6	3	3
	0	4	1	1	2	5	3	3
	0	1	1	3	2	1	3	9
	0	7	1	6	2	5	3	4
	0	8	1	1	2	4	3	7
	0	3	1	3	2	4	3	6
