16	4	1
4
	0	177	1	180	2	119	3	118
	0	155	1	163	2	131	3	122
	0	154	1	163	2	173	3	101
	0	134	1	196	2	174	3	120
	0	132	1	162	2	117	3	191
	0	146	1	177	2	137	3	165
	0	146	1	129	2	147	3	159
	0	119	1	165	2	192	3	194
	0	133	1	194	2	123	3	170
	0	119	1	122	2	103	3	158
	0	193	1	111	2	129	3	123
	0	190	1	161	2	185	3	171
	0	131	1	114	2	118	3	111
	0	110	1	196	2	143	3	162
	0	110	1	162	2	164	3	163
	0	142	1	192	2	129	3	124
Resources
1
R0
20
	0	1	1	8	2	1	3	9
	0	8	1	2	2	9	3	6
	0	4	1	6	2	2	3	7
	0	9	1	9	2	3	3	5
	0	6	1	1	2	3	3	3
	0	1	1	3	2	2	3	7
	0	5	1	9	2	9	3	6
	0	1	1	2	2	1	3	8
	0	2	1	8	2	3	3	4
	0	2	1	2	2	1	3	4
	0	3	1	2	2	9	3	8
	0	4	1	5	2	1	3	6
	0	4	1	5	2	1	3	8
	0	3	1	5	2	6	3	9
	0	9	1	6	2	8	3	9
	0	9	1	1	2	1	3	6
