16	4	1
4
	0	153	1	168	2	146	3	113
	0	101	1	186	2	124	3	102
	0	184	1	114	2	138	3	188
	0	172	1	143	2	100	3	187
	0	145	1	140	2	185	3	134
	0	128	1	137	2	177	3	129
	0	156	1	138	2	150	3	105
	0	161	1	147	2	171	3	123
	0	192	1	131	2	121	3	194
	0	145	1	100	2	150	3	122
	0	136	1	117	2	153	3	180
	0	186	1	127	2	173	3	198
	0	132	1	119	2	123	3	185
	0	174	1	108	2	145	3	181
	0	129	1	140	2	179	3	117
	0	130	1	127	2	169	3	119
Resources
1
R0
20
	0	4	1	4	2	8	3	1
	0	2	1	6	2	6	3	1
	0	9	1	1	2	6	3	9
	0	4	1	2	2	1	3	6
	0	8	1	2	2	7	3	4
	0	5	1	2	2	7	3	1
	0	9	1	1	2	5	3	1
	0	6	1	8	2	5	3	5
	0	6	1	1	2	5	3	9
	0	4	1	1	2	5	3	1
	0	7	1	2	2	8	3	6
	0	5	1	5	2	5	3	9
	0	2	1	2	2	4	3	9
	0	6	1	1	2	4	3	5
	0	4	1	3	2	6	3	3
	0	5	1	1	2	5	3	5
