16	4	1
4
	0	101	1	102	2	93	3	97
	0	62	1	72	2	66	3	57
	0	21	1	16	2	26	3	18
	0	81	1	76	2	67	3	77
	0	26	1	14	2	20	3	29
	0	58	1	66	2	59	3	71
	0	88	1	91	2	104	3	89
	0	54	1	57	2	57	3	66
	0	80	1	85	2	97	3	80
	0	95	1	99	2	95	3	88
	0	88	1	83	2	74	3	83
	0	70	1	59	2	62	3	75
	0	102	1	97	2	108	3	105
	0	86	1	91	2	83	3	85
	0	61	1	65	2	65	3	60
	0	56	1	67	2	56	3	53
Resources
1
R0
20
	0	5	1	9	2	7	3	7
	0	2	1	8	2	3	3	2
	0	1	1	5	2	2	3	2
	0	6	1	9	2	4	3	7
	0	1	1	1	2	1	3	4
	0	7	1	6	2	8	3	4
	0	4	1	8	2	8	3	6
	0	8	1	8	2	3	3	4
	0	6	1	9	2	9	3	8
	0	6	1	8	2	6	3	4
	0	8	1	9	2	4	3	7
	0	6	1	8	2	7	3	9
	0	9	1	9	2	9	3	6
	0	5	1	7	2	8	3	7
	0	7	1	5	2	5	3	8
	0	5	1	3	2	3	3	2
