16	4	1
4
	0	54	1	68	2	47	3	13
	0	2	1	87	2	25	3	3
	0	84	1	15	2	39	3	88
	0	73	1	43	2	1	3	87
	0	46	1	40	2	85	3	34
	0	29	1	38	2	77	3	30
	0	56	1	39	2	51	3	6
	0	62	1	48	2	72	3	24
	0	92	1	32	2	21	3	94
	0	45	1	1	2	50	3	23
	0	37	1	17	2	54	3	81
	0	86	1	27	2	73	3	98
	0	33	1	20	2	24	3	85
	0	74	1	9	2	46	3	81
	0	30	1	40	2	80	3	17
	0	31	1	28	2	69	3	20
Resources
1
R0
20
	0	4	1	4	2	8	3	1
	0	2	1	6	2	6	3	1
	0	9	1	1	2	6	3	8
	0	4	1	2	2	1	3	6
	0	8	1	2	2	7	3	4
	0	5	1	2	2	6	3	1
	0	9	1	1	2	5	3	1
	0	6	1	8	2	5	3	5
	0	6	1	1	2	5	3	9
	0	4	1	1	2	5	3	1
	0	7	1	2	2	8	3	6
	0	5	1	5	2	5	3	9
	0	2	1	2	2	4	3	9
	0	6	1	1	2	4	3	5
	0	4	1	3	2	6	3	3
	0	5	1	1	2	5	3	5
