16	4	1
4
	0	74	1	78	2	83	3	80
	0	77	1	85	2	88	3	85
	0	82	1	88	2	93	3	85
	0	41	1	32	2	46	3	35
	0	76	1	72	2	67	3	76
	0	106	1	108	2	98	3	107
	0	111	1	99	2	99	3	99
	0	23	1	37	2	23	3	41
	0	96	1	94	2	106	3	96
	0	34	1	41	2	32	3	27
	0	27	1	18	2	25	3	35
	0	81	1	80	2	64	3	70
	0	21	1	7	2	9	3	9
	0	71	1	73	2	79	3	75
	0	81	1	82	2	83	3	79
	0	45	1	35	2	49	3	36
Resources
1
R0
20
	0	3	1	9	2	4	3	8
	0	6	1	9	2	9	3	6
	0	5	1	4	2	7	3	8
	0	6	1	1	2	7	3	1
	0	4	1	9	2	4	3	8
	0	6	1	9	2	7	3	8
	0	9	1	5	2	5	3	9
	0	1	1	1	2	5	3	2
	0	5	1	9	2	9	3	5
	0	1	1	2	2	1	3	2
	0	3	1	1	2	1	3	5
	0	7	1	5	2	2	3	8
	0	1	1	1	2	3	3	3
	0	4	1	9	2	7	3	9
	0	7	1	4	2	7	3	3
	0	2	1	3	2	7	3	4
