16	4	1
4
	0	55	1	53	2	64	3	49
	0	43	1	46	2	53	3	44
	0	80	1	85	2	81	3	81
	0	29	1	25	2	15	3	15
	0	46	1	54	2	46	3	53
	0	12	1	11	2	8	3	11
	0	33	1	29	2	38	3	38
	0	106	1	105	2	102	3	100
	0	66	1	72	2	65	3	63
	0	86	1	93	2	94	3	88
	0	93	1	98	2	109	3	99
	0	82	1	71	2	83	3	83
	0	75	1	72	2	68	3	75
	0	23	1	34	2	26	3	16
	0	29	1	15	2	29	3	19
	0	54	1	50	2	54	3	39
Resources
1
R0
20
	0	6	1	9	2	8	3	1
	0	2	1	6	2	6	3	4
	0	3	1	2	2	7	3	1
	0	5	1	4	2	3	3	5
	0	4	1	2	2	9	3	4
	0	9	1	4	2	5	3	7
	0	3	1	7	2	7	3	9
	0	8	1	2	2	4	3	8
	0	9	1	1	2	9	3	6
	0	4	1	5	2	3	3	7
	0	5	1	5	2	8	3	3
	0	3	1	8	2	8	3	5
	0	7	1	1	2	2	3	6
	0	9	1	2	2	9	3	5
	0	6	1	7	2	4	3	4
	0	5	1	2	2	7	3	3
