16	4	1
4
	0	164	1	199	2	187	3	137
	0	158	1	125	2	104	3	116
	0	149	1	189	2	126	3	141
	0	135	1	178	2	140	3	173
	0	134	1	121	2	122	3	125
	0	115	1	186	2	121	3	172
	0	164	1	106	2	192	3	189
	0	153	1	137	2	128	3	120
	0	162	1	125	2	142	3	164
	0	101	1	117	2	154	3	188
	0	178	1	181	2	117	3	165
	0	169	1	158	2	158	3	146
	0	137	1	144	2	152	3	139
	0	162	1	185	2	113	3	129
	0	194	1	106	2	119	3	116
	0	140	1	168	2	155	3	178
Resources
1
R0
20
	0	7	1	3	2	8	3	6
	0	6	1	7	2	4	3	9
	0	4	1	1	2	4	3	2
	0	5	1	2	2	7	3	7
	0	2	1	7	2	8	3	6
	0	1	1	9	2	8	3	8
	0	6	1	2	2	5	3	6
	0	1	1	8	2	7	3	9
	0	2	1	7	2	5	3	1
	0	2	1	9	2	4	3	5
	0	5	1	1	2	4	3	7
	0	5	1	5	2	6	3	7
	0	8	1	6	2	7	3	7
	0	3	1	4	2	2	3	6
	0	8	1	8	2	3	3	9
	0	3	1	7	2	6	3	2
