16	4	1
4
	0	64	1	99	2	87	3	38
	0	58	1	26	2	5	3	17
	0	50	1	89	2	26	3	41
	0	36	1	79	2	41	3	74
	0	34	1	21	2	22	3	26
	0	16	1	86	2	22	3	72
	0	64	1	7	2	92	3	90
	0	54	1	37	2	29	3	21
	0	62	1	26	2	42	3	65
	0	2	1	18	2	55	3	88
	0	78	1	81	2	18	3	66
	0	69	1	59	2	59	3	47
	0	38	1	44	2	52	3	40
	0	62	1	85	2	14	3	30
	0	94	1	7	2	20	3	17
	0	41	1	68	2	56	3	78
Resources
1
R0
20
	0	7	1	3	2	8	3	6
	0	6	1	7	2	4	3	9
	0	4	1	1	2	4	3	2
	0	5	1	2	2	7	3	7
	0	2	1	7	2	8	3	6
	0	1	1	9	2	8	3	8
	0	6	1	2	2	5	3	6
	0	1	1	8	2	7	3	9
	0	2	1	7	2	5	3	1
	0	2	1	9	2	4	3	5
	0	5	1	1	2	4	3	7
	0	5	1	5	2	6	3	7
	0	8	1	6	2	7	3	7
	0	3	1	4	2	2	3	6
	0	8	1	8	2	3	3	9
	0	3	1	7	2	6	3	2
