16	4	1
4
	0	41	1	101	2	27	3	52
	0	39	1	110	2	18	3	55
	0	48	1	106	2	21	3	64
	0	37	1	102	2	16	3	66
	0	32	1	98	2	20	3	59
	0	47	1	97	2	23	3	50
	0	41	1	102	2	20	3	60
	0	46	1	107	2	21	3	60
	0	39	1	105	2	26	3	57
	0	32	1	110	2	14	3	60
	0	42	1	98	2	28	3	59
	0	50	1	93	2	22	3	61
	0	38	1	107	2	31	3	66
	0	50	1	107	2	33	3	66
	0	41	1	106	2	32	3	68
	0	34	1	101	2	28	3	52
Resources
1
R0
20
	0	2	1	8	2	1	3	5
	0	6	1	9	2	1	3	4
	0	3	1	9	2	5	3	3
	0	5	1	7	2	5	3	7
	0	2	1	6	2	5	3	4
	0	7	1	5	2	1	3	4
	0	7	1	6	2	5	3	4
	0	2	1	9	2	5	3	6
	0	3	1	5	2	5	3	3
	0	3	1	9	2	1	3	8
	0	2	1	5	2	6	3	6
	0	2	1	6	2	1	3	4
	0	2	1	9	2	2	3	5
	0	5	1	9	2	1	3	8
	0	6	1	9	2	3	3	9
	0	4	1	9	2	6	3	4
