16	4	1
4
	0	135	1	154	2	116	3	118
	0	117	1	103	2	110	3	138
	0	183	1	159	2	117	3	126
	0	112	1	109	2	172	3	165
	0	118	1	147	2	109	3	124
	0	146	1	174	2	129	3	193
	0	186	1	145	2	171	3	126
	0	125	1	130	2	130	3	127
	0	115	1	107	2	183	3	143
	0	168	1	171	2	150	3	196
	0	177	1	175	2	177	3	130
	0	159	1	195	2	139	3	195
	0	130	1	118	2	184	3	138
	0	196	1	159	2	176	3	140
	0	173	1	195	2	191	3	163
	0	138	1	130	2	114	3	122
Resources
1
R0
20
	0	9	1	9	2	8	3	9
	0	6	1	3	2	4	3	5
	0	2	1	8	2	9	3	7
	0	1	1	9	2	9	3	9
	0	6	1	6	2	7	3	3
	0	3	1	1	2	7	3	6
	0	7	1	2	2	1	3	4
	0	5	1	6	2	4	3	2
	0	1	1	8	2	8	3	8
	0	9	1	2	2	7	3	4
	0	4	1	5	2	5	3	6
	0	6	1	3	2	5	3	2
	0	5	1	5	2	5	3	1
	0	5	1	3	2	4	3	9
	0	4	1	1	2	7	3	6
	0	5	1	4	2	3	3	5
