16	4	1
4
	0	95	1	25	2	81	3	17
	0	93	1	18	2	90	3	21
	0	80	1	26	2	84	3	23
	0	86	1	32	2	76	3	17
	0	81	1	23	2	84	3	20
	0	95	1	30	2	80	3	9
	0	84	1	19	2	84	3	8
	0	91	1	16	2	92	3	18
	0	98	1	16	2	89	3	15
	0	93	1	24	2	87	3	19
	0	81	1	24	2	82	3	23
	0	92	1	26	2	84	3	9
	0	85	1	32	2	80	3	24
	0	84	1	16	2	94	3	12
	0	82	1	29	2	82	3	25
	0	88	1	14	2	87	3	17
Resources
1
R0
20
	0	6	1	6	2	2	3	5
	0	6	1	2	2	8	3	2
	0	3	1	5	2	8	3	3
	0	1	1	1	2	4	3	8
	0	5	1	9	2	7	3	3
	0	7	1	2	2	8	3	9
	0	3	1	7	2	1	3	7
	0	9	1	4	2	4	3	7
	0	5	1	1	2	7	3	1
	0	7	1	8	2	9	3	6
	0	3	1	1	2	1	3	7
	0	8	1	2	2	2	3	8
	0	4	1	1	2	3	3	9
	0	6	1	2	2	9	3	9
	0	6	1	5	2	7	3	7
	0	3	1	5	2	5	3	3
