16	4	1
4
	0	97	1	82	2	24	3	113
	0	98	1	75	2	21	3	111
	0	95	1	88	2	36	3	114
	0	101	1	82	2	26	3	113
	0	97	1	93	2	21	3	110
	0	95	1	75	2	22	3	102
	0	102	1	80	2	26	3	107
	0	95	1	91	2	22	3	100
	0	94	1	91	2	20	3	97
	0	88	1	88	2	31	3	99
	0	89	1	86	2	24	3	102
	0	93	1	90	2	29	3	98
	0	104	1	89	2	37	3	97
	0	89	1	89	2	27	3	98
	0	98	1	82	2	20	3	110
	0	98	1	89	2	36	3	105
Resources
1
R0
20
	0	7	1	5	2	1	3	9
	0	5	1	5	2	5	3	9
	0	9	1	9	2	2	3	9
	0	5	1	9	2	1	3	7
	0	6	1	9	2	1	3	6
	0	9	1	7	2	2	3	9
	0	5	1	9	2	1	3	9
	0	8	1	4	2	1	3	9
	0	5	1	9	2	2	3	9
	0	5	1	5	2	4	3	9
	0	5	1	9	2	1	3	5
	0	8	1	7	2	4	3	9
	0	9	1	7	2	6	3	6
	0	6	1	8	2	5	3	9
	0	5	1	9	2	2	3	9
	0	9	1	8	2	4	3	9
