16	4	1
4
	0	58	1	71	2	51	3	21
	0	11	1	88	2	32	3	11
	0	86	1	23	2	45	3	89
	0	75	1	48	2	10	3	88
	0	51	1	46	2	87	3	40
	0	35	1	44	2	79	3	36
	0	60	1	44	2	55	3	14
	0	65	1	53	2	74	3	31
	0	93	1	38	2	28	3	95
	0	50	1	10	2	55	3	30
	0	43	1	25	2	58	3	82
	0	88	1	34	2	76	3	98
	0	39	1	27	2	31	3	87
	0	77	1	17	2	51	3	83
	0	36	1	46	2	82	3	25
	0	37	1	34	2	72	3	27
Resources
1
R0
20
	0	4	1	4	2	8	3	1
	0	2	1	6	2	6	3	1
	0	9	1	1	2	6	3	8
	0	4	1	2	2	1	3	6
	0	8	1	2	2	7	3	4
	0	5	1	2	2	6	3	1
	0	9	1	1	2	5	3	1
	0	6	1	8	2	5	3	5
	0	6	1	1	2	5	3	9
	0	4	1	1	2	5	3	1
	0	7	1	2	2	8	3	6
	0	5	1	5	2	5	3	9
	0	2	1	2	2	4	3	9
	0	6	1	1	2	4	3	5
	0	4	1	3	2	6	3	3
	0	5	1	1	2	5	3	5
