16	4	1
4
	0	78	1	83	2	73	3	7
	0	39	1	12	2	81	3	29
	0	62	1	100	2	72	3	12
	0	70	1	32	2	27	3	20
	0	49	1	13	2	58	3	25
	0	65	1	94	2	48	3	85
	0	26	1	13	2	13	3	54
	0	52	1	65	2	95	3	13
	0	77	1	2	2	74	3	32
	0	78	1	48	2	6	3	47
	0	27	1	49	2	89	3	71
	0	64	1	38	2	50	3	27
	0	100	1	36	2	61	3	7
	0	47	1	67	2	79	3	49
	0	64	1	8	2	4	3	53
	0	38	1	56	2	77	3	7
Resources
1
R0
20
	0	8	1	3	2	8	3	5
	0	6	1	6	2	2	3	5
	0	6	1	2	2	8	3	2
	0	3	1	5	2	8	3	3
	0	1	1	1	2	4	3	8
	0	5	1	9	2	7	3	3
	0	7	1	2	2	8	3	9
	0	3	1	7	2	1	3	7
	0	9	1	4	2	4	3	7
	0	5	1	1	2	7	3	1
	0	7	1	8	2	9	3	6
	0	3	1	1	2	1	3	7
	0	8	1	2	2	2	3	8
	0	4	1	1	2	3	3	9
	0	6	1	2	2	9	3	9
	0	6	1	5	2	7	3	7
