16	4	1
4
	0	68	1	57	2	40	3	100
	0	64	1	47	2	30	3	87
	0	57	1	46	2	22	3	95
	0	55	1	48	2	31	3	102
	0	72	1	56	2	26	3	91
	0	59	1	46	2	29	3	93
	0	55	1	52	2	25	3	101
	0	71	1	48	2	32	3	89
	0	57	1	51	2	38	3	92
	0	62	1	42	2	39	3	91
	0	72	1	53	2	27	3	99
	0	69	1	50	2	36	3	89
	0	63	1	55	2	41	3	92
	0	55	1	45	2	28	3	87
	0	72	1	59	2	25	3	103
	0	64	1	47	2	26	3	90
Resources
1
R0
20
	0	7	1	3	2	6	3	6
	0	6	1	2	2	5	3	7
	0	2	1	2	2	2	3	6
	0	8	1	2	2	2	3	8
	0	8	1	3	2	1	3	4
	0	8	1	1	2	3	3	6
	0	5	1	7	2	1	3	9
	0	3	1	1	2	6	3	7
	0	4	1	1	2	3	3	4
	0	8	1	4	2	6	3	5
	0	3	1	6	2	1	3	9
	0	5	1	4	2	4	3	9
	0	4	1	3	2	3	3	4
	0	6	1	3	2	1	3	8
	0	8	1	3	2	1	3	9
	0	5	1	4	2	1	3	4
