16	4	1
4
	0	80	1	85	2	76	3	15
	0	44	1	20	2	83	3	36
	0	65	1	100	2	75	3	20
	0	73	1	38	2	34	3	27
	0	53	1	21	2	62	3	31
	0	69	1	95	2	53	3	86
	0	33	1	21	2	21	3	58
	0	56	1	68	2	96	3	21
	0	79	1	11	2	77	3	38
	0	80	1	53	2	15	3	52
	0	34	1	54	2	90	3	74
	0	67	1	44	2	55	3	34
	0	100	1	41	2	65	3	15
	0	52	1	70	2	80	3	54
	0	67	1	16	2	13	3	57
	0	43	1	60	2	79	3	16
Resources
1
R0
20
	0	8	1	3	2	8	3	5
	0	6	1	6	2	2	3	5
	0	6	1	2	2	8	3	2
	0	3	1	5	2	8	3	3
	0	1	1	1	2	4	3	8
	0	5	1	9	2	7	3	3
	0	7	1	2	2	8	3	9
	0	3	1	7	2	1	3	7
	0	9	1	4	2	4	3	7
	0	5	1	1	2	7	3	1
	0	7	1	8	2	9	3	6
	0	3	1	1	2	1	3	7
	0	8	1	2	2	2	3	8
	0	4	1	1	2	3	3	9
	0	6	1	2	2	9	3	9
	0	6	1	5	2	7	3	7
