16	4	1
4
	0	93	1	66	2	38	3	15
	0	81	1	81	2	28	3	32
	0	81	1	72	2	29	3	21
	0	89	1	78	2	25	3	25
	0	90	1	70	2	36	3	15
	0	84	1	75	2	43	3	25
	0	82	1	72	2	27	3	25
	0	88	1	68	2	30	3	25
	0	90	1	72	2	29	3	21
	0	92	1	74	2	42	3	31
	0	78	1	66	2	37	3	18
	0	84	1	75	2	41	3	17
	0	97	1	81	2	39	3	13
	0	92	1	81	2	31	3	30
	0	82	1	69	2	27	3	14
	0	84	1	81	2	28	3	32
Resources
1
R0
20
	0	8	1	2	2	9	3	6
	0	4	1	6	2	2	3	7
	0	9	1	9	2	3	3	5
	0	6	1	1	2	3	3	3
	0	1	1	3	2	2	3	7
	0	5	1	9	2	9	3	6
	0	1	1	2	2	1	3	8
	0	2	1	8	2	3	3	4
	0	2	1	2	2	1	3	4
	0	3	1	2	2	9	3	8
	0	4	1	5	2	1	3	6
	0	4	1	5	2	1	3	8
	0	3	1	5	2	6	3	9
	0	9	1	6	2	8	3	9
	0	9	1	1	2	1	3	6
	0	1	1	8	2	4	3	4
