16	4	1
4
	0	106	1	24	2	26	3	81
	0	104	1	10	2	17	3	84
	0	108	1	8	2	22	3	83
	0	96	1	6	2	18	3	88
	0	112	1	20	2	8	3	81
	0	104	1	25	2	22	3	76
	0	101	1	23	2	10	3	92
	0	107	1	9	2	18	3	92
	0	95	1	12	2	22	3	81
	0	96	1	9	2	18	3	83
	0	109	1	15	2	10	3	94
	0	93	1	24	2	15	3	82
	0	109	1	18	2	8	3	92
	0	95	1	7	2	19	3	78
	0	106	1	24	2	12	3	92
	0	105	1	21	2	21	3	82
Resources
1
R0
20
	0	6	1	6	2	8	3	1
	0	8	1	2	2	3	3	2
	0	1	1	8	2	1	3	7
	0	1	1	4	2	9	3	2
	0	9	1	8	2	7	3	8
	0	8	1	1	2	3	3	3
	0	4	1	6	2	5	3	5
	0	7	1	2	2	3	3	5
	0	9	1	2	2	2	3	5
	0	9	1	5	2	4	3	5
	0	9	1	5	2	6	3	7
	0	8	1	8	2	7	3	1
	0	4	1	8	2	3	3	4
	0	3	1	5	2	7	3	9
	0	9	1	3	2	8	3	4
	0	4	1	9	2	3	3	8
