16	4	1
4
	0	51	1	52	2	57	3	56
	0	76	1	49	2	50	3	49
	0	21	1	15	2	49	3	30
	0	82	1	22	2	15	3	92
	0	32	1	60	2	85	3	86
	0	98	1	16	2	50	3	74
	0	51	1	60	2	47	3	84
	0	44	1	38	2	87	3	63
	0	12	1	78	2	65	3	39
	0	14	1	35	2	60	3	31
	0	42	1	47	2	23	3	74
	0	46	1	28	2	39	3	82
	0	57	1	88	2	56	3	12
	0	78	1	69	2	98	3	44
	0	73	1	12	2	48	3	61
	0	82	1	11	2	83	3	59
Resources
1
R0
20
	0	7	1	8	2	4	3	3
	0	4	1	1	2	3	3	6
	0	3	1	1	2	2	3	2
	0	9	1	1	2	4	3	6
	0	6	1	4	2	8	3	9
	0	9	1	1	2	7	3	6
	0	4	1	5	2	7	3	6
	0	5	1	4	2	7	3	9
	0	1	1	5	2	3	3	6
	0	1	1	3	2	9	3	1
	0	5	1	3	2	4	3	8
	0	2	1	1	2	2	3	9
	0	3	1	9	2	7	3	1
	0	8	1	6	2	9	3	5
	0	6	1	1	2	7	3	5
	0	7	1	3	2	6	3	6
