16	4	1
4
	0	13	1	17	2	12	3	5
	0	46	1	40	2	45	3	49
	0	71	1	84	2	76	3	69
	0	17	1	17	2	32	3	15
	0	20	1	11	2	15	3	22
	0	78	1	83	2	87	3	77
	0	59	1	75	2	63	3	74
	0	59	1	63	2	59	3	58
	0	72	1	67	2	72	3	61
	0	109	1	118	2	103	3	112
	0	86	1	91	2	93	3	79
	0	102	1	101	2	109	3	95
	0	74	1	65	2	67	3	70
	0	51	1	49	2	52	3	47
	0	76	1	83	2	72	3	80
	0	92	1	86	2	93	3	94
Resources
1
R0
20
	0	1	1	8	2	9	3	8
	0	7	1	4	2	6	3	6
	0	4	1	1	2	9	3	9
	0	4	1	4	2	4	3	8
	0	1	1	5	2	4	3	1
	0	9	1	4	2	8	3	8
	0	8	1	7	2	7	3	8
	0	3	1	4	2	5	3	5
	0	3	1	4	2	2	3	6
	0	4	1	9	2	2	3	1
	0	4	1	9	2	7	3	5
	0	7	1	7	2	4	3	4
	0	1	1	5	2	1	3	5
	0	3	1	9	2	9	3	5
	0	6	1	5	2	7	3	7
	0	3	1	9	2	4	3	3
