16	4	1
4
	0	145	1	146	2	152	3	152
	0	173	1	144	2	145	3	143
	0	112	1	105	2	143	3	122
	0	180	1	114	2	106	3	191
	0	125	1	155	2	184	3	184
	0	198	1	107	2	145	3	171
	0	146	1	156	2	141	3	182
	0	137	1	131	2	186	3	159
	0	102	1	176	2	162	3	132
	0	104	1	128	2	155	3	123
	0	136	1	141	2	115	3	171
	0	140	1	120	2	132	3	180
	0	152	1	186	2	151	3	103
	0	175	1	165	2	198	3	138
	0	170	1	102	2	142	3	157
	0	180	1	102	2	181	3	155
Resources
1
R0
20
	0	7	1	8	2	4	3	3
	0	4	1	2	2	3	3	6
	0	3	1	1	2	2	3	2
	0	9	1	1	2	4	3	6
	0	6	1	4	2	8	3	9
	0	9	1	1	2	7	3	6
	0	4	1	5	2	7	3	6
	0	5	1	4	2	7	3	9
	0	1	1	5	2	3	3	6
	0	1	1	3	2	9	3	1
	0	5	1	3	2	4	3	8
	0	2	1	1	2	2	3	9
	0	3	1	9	2	7	3	1
	0	8	1	6	2	9	3	5
	0	6	1	1	2	7	3	5
	0	7	1	3	2	6	3	7
