16	6	1
6
	0	170	1	161	2	179	3	145	4	109	5	169
	0	100	1	170	2	190	3	191	4	176	5	146
	0	178	1	102	2	132	3	123	4	127	5	128
	0	157	1	174	2	133	3	164	4	116	5	125
	0	116	1	130	2	103	3	130	4	127	5	149
	0	109	1	149	2	188	3	146	4	114	5	170
	0	137	1	176	2	111	3	147	4	126	5	173
	0	151	1	161	2	117	3	131	4	109	5	109
	0	119	1	101	2	188	3	124	4	148	5	123
	0	130	1	106	2	104	3	170	4	166	5	193
	0	187	1	130	2	188	3	142	4	120	5	109
	0	139	1	153	2	117	3	151	4	138	5	101
	0	158	1	197	2	124	3	103	4	200	5	154
	0	125	1	104	2	109	3	105	4	154	5	197
	0	122	1	129	2	130	3	154	4	120	5	153
	0	123	1	197	2	147	3	134	4	125	5	183
Resources
1
R0
30
	0	4	1	5	2	4	3	2	4	6	5	5
	0	3	1	1	2	5	3	6	4	8	5	1
	0	4	1	3	2	2	3	8	4	6	5	4
	0	5	1	2	2	7	3	4	4	6	5	5
	0	3	1	8	2	6	3	7	4	3	5	2
	0	6	1	5	2	9	3	8	4	2	5	1
	0	9	1	3	2	1	3	5	4	6	5	8
	0	3	1	8	2	6	3	1	4	4	5	4
	0	5	1	2	2	5	3	2	4	1	5	9
	0	5	1	6	2	9	3	6	4	8	5	4
	0	3	1	2	2	4	3	2	4	7	5	1
	0	5	1	3	2	3	3	3	4	2	5	1
	0	7	1	5	2	5	3	7	4	6	5	3
	0	1	1	3	2	3	3	3	4	6	5	3
	0	6	1	5	2	5	3	7	4	8	5	9
	0	7	1	4	2	9	3	1	4	9	5	7
