16	6	1
6
	0	169	1	156	2	185	3	170	4	166	5	121
	0	150	1	120	2	103	3	163	4	184	5	168
	0	142	1	131	2	140	3	131	4	176	5	183
	0	162	1	167	2	197	3	164	4	112	5	161
	0	199	1	127	2	136	3	164	4	192	5	175
	0	141	1	134	2	149	3	115	4	103	5	123
	0	180	1	157	2	103	3	170	4	119	5	122
	0	184	1	132	2	154	3	184	4	128	5	134
	0	164	1	131	2	176	3	146	4	195	5	161
	0	145	1	186	2	152	3	186	4	102	5	142
	0	122	1	179	2	136	3	131	4	118	5	135
	0	167	1	167	2	147	3	160	4	183	5	170
	0	108	1	186	2	196	3	189	4	115	5	109
	0	121	1	150	2	136	3	154	4	192	5	143
	0	166	1	164	2	187	3	112	4	125	5	112
	0	188	1	189	2	175	3	146	4	167	5	142
Resources
1
R0
30
	0	8	1	5	2	9	3	7	4	4	5	1
	0	5	1	1	2	2	3	8	4	7	5	9
	0	5	1	6	2	6	3	5	4	9	5	9
	0	4	1	4	2	9	3	6	4	1	5	6
	0	7	1	2	2	1	3	6	4	9	5	7
	0	1	1	6	2	7	3	3	4	4	5	2
	0	5	1	8	2	3	3	6	4	3	5	2
	0	5	1	6	2	5	3	9	4	5	5	3
	0	9	1	2	2	9	3	2	4	9	5	9
	0	5	1	9	2	8	3	9	4	3	5	7
	0	1	1	9	2	1	3	1	4	3	5	3
	0	9	1	9	2	6	3	6	4	6	5	4
	0	1	1	9	2	9	3	8	4	1	5	1
	0	4	1	2	2	5	3	5	4	6	5	5
	0	5	1	9	2	5	3	1	4	4	5	5
	0	6	1	9	2	8	3	2	4	6	5	1
