16	6	1
6
	0	58	1	32	2	42	3	69	4	61	5	42
	0	65	1	50	2	88	3	79	4	80	5	16
	0	87	1	52	2	91	3	32	4	94	5	64
	0	69	1	77	2	46	3	59	4	98	5	64
	0	74	1	39	2	85	3	70	4	85	5	32
	0	43	1	42	2	15	3	84	4	25	5	75
	0	91	1	84	2	91	3	66	4	34	5	80
	0	14	1	36	2	100	3	59	4	21	5	23
	0	53	1	31	2	89	3	74	4	70	5	39
	0	92	1	95	2	31	3	16	4	58	5	76
	0	17	1	21	2	85	3	71	4	99	5	52
	0	97	1	17	2	62	3	54	4	80	5	32
	0	59	1	50	2	64	3	97	4	17	5	13
	0	43	1	33	2	66	3	42	4	92	5	54
	0	76	1	98	2	57	3	55	4	41	5	43
	0	86	1	32	2	31	3	60	4	90	5	53
Resources
1
R0
30
	0	6	1	6	2	3	3	8	4	6	5	5
	0	5	1	8	2	5	3	7	4	5	5	1
	0	5	1	3	2	9	3	1	4	9	5	8
	0	5	1	4	2	4	3	7	4	9	5	8
	0	6	1	6	2	7	3	5	4	6	5	5
	0	5	1	3	2	2	3	6	4	1	5	9
	0	9	1	9	2	9	3	3	4	2	5	9
	0	1	1	5	2	9	3	4	4	2	5	1
	0	4	1	1	2	5	3	8	4	9	5	6
	0	8	1	9	2	6	3	3	4	8	5	9
	0	4	1	1	2	7	3	8	4	6	5	7
	0	9	1	1	2	8	3	6	4	8	5	1
	0	6	1	3	2	6	3	9	4	1	5	3
	0	5	1	1	2	7	3	3	4	8	5	2
	0	9	1	9	2	8	3	8	4	1	5	3
	0	9	1	5	2	1	3	9	4	6	5	2
