16	6	1
6
	0	21	1	49	2	21	3	64	4	103	5	19
	0	4	1	43	2	27	3	63	4	114	5	4
	0	8	1	54	2	32	3	56	4	107	5	14
	0	9	1	52	2	27	3	70	4	101	5	19
	0	20	1	44	2	35	3	60	4	117	5	20
	0	20	1	56	2	18	3	69	4	110	5	14
	0	4	1	57	2	22	3	63	4	112	5	8
	0	13	1	58	2	28	3	58	4	113	5	14
	0	14	1	43	2	23	3	66	4	105	5	10
	0	5	1	48	2	32	3	57	4	102	5	7
	0	14	1	43	2	17	3	57	4	112	5	5
	0	9	1	43	2	26	3	67	4	110	5	16
	0	12	1	52	2	33	3	56	4	108	5	7
	0	15	1	59	2	19	3	64	4	116	5	10
	0	15	1	46	2	33	3	53	4	112	5	6
	0	22	1	50	2	34	3	68	4	112	5	16
Resources
1
R0
30
	0	4	1	2	2	6	3	4	4	4	5	7
	0	6	1	8	2	5	3	8	4	4	5	3
	0	6	1	7	2	2	3	1	4	6	5	8
	0	3	1	5	2	2	3	1	4	1	5	2
	0	5	1	7	2	9	3	3	4	7	5	8
	0	7	1	5	2	1	3	7	4	6	5	5
	0	4	1	7	2	2	3	9	4	4	5	9
	0	6	1	2	2	5	3	8	4	8	5	3
	0	4	1	8	2	4	3	8	4	6	5	1
	0	7	1	6	2	4	3	1	4	6	5	4
	0	9	1	4	2	1	3	1	4	6	5	9
	0	2	1	3	2	7	3	8	4	7	5	1
	0	4	1	6	2	3	3	9	4	6	5	3
	0	9	1	8	2	9	3	6	4	2	5	7
	0	6	1	7	2	6	3	3	4	9	5	8
	0	2	1	9	2	2	3	4	4	7	5	8
