16	6	1
6
	0	28	1	16	2	31	3	17	4	20	5	30
	0	90	1	87	2	97	3	86	4	89	5	89
	0	67	1	77	2	76	3	72	4	84	5	77
	0	109	1	101	2	110	3	108	4	116	5	110
	0	11	1	17	2	26	3	12	4	26	5	26
	0	83	1	86	2	83	3	80	4	97	5	93
	0	32	1	33	2	46	3	41	4	43	5	43
	0	41	1	25	2	42	3	39	4	39	5	26
	0	76	1	82	2	83	3	70	4	79	5	78
	0	92	1	95	2	91	3	95	4	95	5	96
	0	73	1	59	2	57	3	56	4	61	5	64
	0	5	1	19	2	15	3	21	4	22	5	11
	0	61	1	63	2	68	3	51	4	63	5	59
	0	30	1	30	2	29	3	37	4	32	5	25
	0	55	1	41	2	55	3	37	4	45	5	45
	0	70	1	58	2	76	3	71	4	65	5	67
Resources
1
R0
30
	0	8	1	8	2	2	3	3	4	2	5	2
	0	4	1	5	2	4	3	9	4	2	5	7
	0	8	1	6	2	1	3	8	4	6	5	7
	0	5	1	5	2	2	3	2	4	9	5	8
	0	3	1	6	2	9	3	2	4	7	5	7
	0	9	1	1	2	8	3	6	4	3	5	6
	0	9	1	5	2	2	3	2	4	9	5	4
	0	3	1	8	2	7	3	2	4	2	5	3
	0	8	1	4	2	1	3	2	4	9	5	5
	0	7	1	4	2	2	3	5	4	6	5	3
	0	8	1	1	2	8	3	6	4	3	5	5
	0	2	1	9	2	9	3	5	4	4	5	8
	0	4	1	5	2	7	3	4	4	8	5	9
	0	7	1	4	2	7	3	5	4	8	5	8
	0	3	1	9	2	4	3	1	4	8	5	8
	0	5	1	1	2	4	3	5	4	5	5	3
