16	6	1
6
	0	30	1	37	2	76	3	45	4	72	5	10
	0	80	1	86	2	19	3	87	4	21	5	71
	0	56	1	17	2	30	3	69	4	14	5	15
	0	49	1	9	2	35	3	62	4	8	5	54
	0	57	1	46	2	29	3	98	4	34	5	15
	0	49	1	82	2	70	3	60	4	75	5	44
	0	87	1	25	2	59	3	85	4	11	5	36
	0	98	1	68	2	87	3	65	4	65	5	33
	0	19	1	6	2	54	3	51	4	33	5	88
	0	64	1	85	2	67	3	3	4	94	5	92
	0	83	1	70	2	73	3	39	4	9	5	12
	0	12	1	52	2	1	3	66	4	80	5	83
	0	34	1	18	2	2	3	8	4	12	5	57
	0	92	1	43	2	12	3	60	4	100	5	97
	0	45	1	99	2	88	3	35	4	47	5	76
	0	37	1	75	2	90	3	77	4	67	5	13
Resources
1
R0
30
	0	3	1	6	2	9	3	6	4	4	5	5
	0	9	1	2	2	6	3	9	4	4	5	8
	0	6	1	1	2	6	3	4	4	7	5	4
	0	8	1	4	2	9	3	1	4	4	5	4
	0	7	1	3	2	6	3	4	4	8	5	5
	0	8	1	4	2	9	3	6	4	2	5	6
	0	4	1	9	2	6	3	4	4	8	5	4
	0	1	1	8	2	5	3	4	4	4	5	6
	0	7	1	2	2	3	3	6	4	2	5	4
	0	6	1	5	2	3	3	3	4	7	5	7
	0	9	1	1	2	7	3	7	4	9	5	9
	0	8	1	4	2	2	3	2	4	3	5	7
	0	7	1	2	2	1	3	9	4	3	5	5
	0	6	1	5	2	9	3	5	4	1	5	6
	0	4	1	1	2	1	3	1	4	8	5	4
	0	7	1	6	2	4	3	6	4	9	5	4
