16	6	1
6
	0	38	1	32	2	28	3	100	4	19	5	2
	0	1	1	56	2	54	3	13	4	41	5	42
	0	2	1	72	2	82	3	88	4	84	5	94
	0	36	1	88	2	20	3	3	4	88	5	21
	0	82	1	59	2	15	3	84	4	84	5	7
	0	34	1	60	2	82	3	59	4	69	5	7
	0	10	1	91	2	49	3	70	4	41	5	69
	0	27	1	20	2	63	3	6	4	25	5	21
	0	95	1	33	2	7	3	16	4	12	5	1
	0	70	1	43	2	7	3	14	4	68	5	73
	0	74	1	70	2	55	3	73	4	14	5	46
	0	56	1	100	2	70	3	99	4	64	5	7
	0	82	1	86	2	57	3	90	4	72	5	23
	0	46	1	47	2	52	3	57	4	45	5	68
	0	55	1	70	2	65	3	53	4	94	5	5
	0	35	1	43	2	43	3	16	4	48	5	94
Resources
1
R0
30
	0	4	1	3	2	2	3	9	4	3	5	1
	0	1	1	9	2	8	3	1	4	5	5	3
	0	4	1	5	2	7	3	9	4	9	5	7
	0	7	1	6	2	1	3	1	4	9	5	4
	0	9	1	9	2	3	3	9	4	9	5	1
	0	1	1	6	2	5	3	3	4	6	5	1
	0	1	1	9	2	5	3	8	4	7	5	4
	0	1	1	1	2	9	3	1	4	5	5	5
	0	9	1	5	2	3	3	3	4	3	5	1
	0	7	1	4	2	1	3	1	4	9	5	6
	0	9	1	9	2	3	3	8	4	5	5	8
	0	3	1	9	2	5	3	9	4	4	5	1
	0	9	1	6	2	4	3	8	4	6	5	6
	0	7	1	6	2	6	3	8	4	6	5	7
	0	5	1	6	2	5	3	8	4	9	5	1
	0	3	1	2	2	7	3	5	4	6	5	9
