16	6	1
6
	0	37	1	42	2	84	3	53	4	103	5	31
	0	38	1	35	2	81	3	51	4	102	5	32
	0	55	1	28	2	76	3	54	4	91	5	25
	0	41	1	42	2	86	3	53	4	100	5	24
	0	37	1	33	2	81	3	50	4	106	5	40
	0	55	1	35	2	82	3	62	4	97	5	28
	0	42	1	40	2	86	3	47	4	90	5	32
	0	55	1	31	2	82	3	60	4	94	5	26
	0	54	1	31	2	80	3	57	4	95	5	31
	0	48	1	28	2	71	3	59	4	104	5	28
	0	49	1	26	2	84	3	62	4	96	5	21
	0	53	1	30	2	89	3	58	4	100	5	33
	0	44	1	29	2	77	3	57	4	94	5	34
	0	49	1	29	2	87	3	58	4	103	5	29
	0	38	1	42	2	80	3	50	4	102	5	31
	0	38	1	29	2	76	3	65	4	102	5	27
Resources
1
R0
30
	0	1	1	3	2	9	3	6	4	5	5	2
	0	5	1	2	2	8	3	4	4	5	5	1
	0	2	1	1	2	6	3	8	4	7	5	3
	0	7	1	2	2	6	3	1	4	8	5	1
	0	1	1	1	2	4	3	1	4	7	5	1
	0	7	1	2	2	7	3	7	4	9	5	1
	0	5	1	1	2	9	3	6	4	4	5	2
	0	8	1	4	2	7	3	7	4	5	5	4
	0	7	1	1	2	9	3	5	4	6	5	6
	0	5	1	1	2	9	3	2	4	8	5	4
	0	6	1	5	2	9	3	8	4	8	5	3
	0	4	1	3	2	5	3	4	4	9	5	1
	0	4	1	1	2	3	3	6	4	9	5	3
	0	5	1	4	2	9	3	4	4	9	5	4
	0	2	1	5	2	6	3	6	4	9	5	4
	0	1	1	6	2	5	3	7	4	7	5	1
