16	6	1
6
	0	48	1	25	2	17	3	33	4	72	5	53
	0	15	1	92	2	30	3	65	4	71	5	38
	0	59	1	41	2	67	3	23	4	21	5	59
	0	50	1	76	2	68	3	57	4	30	5	52
	0	44	1	72	2	85	3	71	4	100	5	48
	0	20	1	60	2	47	3	35	4	60	5	54
	0	13	1	35	2	16	3	60	4	33	5	70
	0	18	1	33	2	17	3	71	4	92	5	62
	0	21	1	79	2	28	3	31	4	84	5	99
	0	94	1	26	2	86	3	62	4	43	5	45
	0	86	1	94	2	52	3	88	4	44	5	71
	0	45	1	91	2	22	3	17	4	44	5	63
	0	43	1	74	2	82	3	66	4	63	5	37
	0	56	1	34	2	60	3	93	4	46	5	70
	0	50	1	38	2	32	3	36	4	40	5	64
	0	79	1	81	2	89	3	22	4	98	5	96
Resources
1
R0
30
	0	3	1	6	2	7	3	9	4	4	5	6
	0	6	1	1	2	5	3	1	4	9	5	9
	0	5	1	1	2	1	3	3	4	3	5	3
	0	2	1	5	2	9	3	3	4	8	5	8
	0	7	1	1	2	2	3	4	4	5	5	8
	0	3	1	8	2	9	3	5	4	7	5	3
	0	3	1	7	2	5	3	9	4	5	5	9
	0	6	1	7	2	2	3	6	4	3	5	6
	0	4	1	2	2	7	3	4	4	7	5	7
	0	4	1	8	2	1	3	2	4	7	5	8
	0	1	1	7	2	1	3	6	4	3	5	5
	0	6	1	4	2	1	3	2	4	6	5	3
	0	3	1	6	2	1	3	6	4	1	5	8
	0	8	1	3	2	5	3	8	4	2	5	8
	0	2	1	4	2	4	3	4	4	2	5	3
	0	6	1	4	2	2	3	7	4	9	5	3
