16	6	1
6
	0	45	1	102	2	71	3	19	4	90	5	83
	0	44	1	112	2	71	3	17	4	83	5	81
	0	58	1	98	2	88	3	30	4	72	5	89
	0	42	1	95	2	79	3	25	4	87	5	71
	0	39	1	112	2	83	3	18	4	88	5	77
	0	39	1	99	2	78	3	19	4	82	5	79
	0	50	1	111	2	83	3	30	4	88	5	79
	0	49	1	106	2	75	3	31	4	85	5	74
	0	41	1	97	2	73	3	31	4	75	5	80
	0	47	1	111	2	82	3	30	4	80	5	89
	0	47	1	111	2	71	3	27	4	80	5	80
	0	39	1	96	2	74	3	31	4	81	5	80
	0	53	1	101	2	74	3	19	4	82	5	76
	0	55	1	106	2	88	3	26	4	79	5	82
	0	56	1	111	2	76	3	28	4	84	5	83
	0	55	1	106	2	71	3	36	4	81	5	76
Resources
1
R0
30
	0	3	1	9	2	9	3	1	4	8	5	6
	0	7	1	7	2	5	3	5	4	8	5	5
	0	8	1	6	2	5	3	1	4	7	5	9
	0	5	1	9	2	7	3	4	4	8	5	6
	0	1	1	9	2	4	3	1	4	6	5	6
	0	3	1	9	2	6	3	3	4	9	5	3
	0	1	1	7	2	9	3	1	4	9	5	9
	0	5	1	9	2	8	3	4	4	8	5	5
	0	4	1	8	2	4	3	1	4	8	5	6
	0	6	1	9	2	5	3	4	4	9	5	9
	0	1	1	9	2	4	3	3	4	5	5	6
	0	6	1	6	2	4	3	2	4	6	5	9
	0	6	1	9	2	7	3	4	4	8	5	6
	0	5	1	8	2	6	3	5	4	9	5	6
	0	4	1	7	2	9	3	6	4	8	5	9
	0	4	1	9	2	8	3	6	4	4	5	9
