16	6	1
6
	0	44	1	38	2	35	3	100	4	26	5	11
	0	10	1	60	2	59	3	21	4	46	5	47
	0	11	1	75	2	83	3	89	4	86	5	95
	0	42	1	89	2	27	3	12	4	89	5	28
	0	84	1	62	2	23	3	85	4	86	5	16
	0	40	1	64	2	83	3	63	4	72	5	15
	0	18	1	92	2	53	3	72	4	46	5	72
	0	33	1	27	2	67	3	15	4	32	5	28
	0	96	1	39	2	15	3	24	4	20	5	10
	0	73	1	48	2	15	3	21	4	71	5	75
	0	76	1	72	2	59	3	76	4	22	5	51
	0	60	1	100	2	72	3	99	4	67	5	15
	0	84	1	87	2	61	3	91	4	75	5	30
	0	51	1	51	2	57	3	61	4	50	5	71
	0	59	1	73	2	68	3	57	4	94	5	14
	0	41	1	48	2	48	3	24	4	53	5	94
Resources
1
R0
30
	0	4	1	3	2	2	3	9	4	3	5	1
	0	1	1	9	2	8	3	1	4	5	5	3
	0	4	1	5	2	7	3	9	4	9	5	7
	0	7	1	6	2	1	3	1	4	9	5	4
	0	9	1	9	2	3	3	9	4	9	5	1
	0	1	1	6	2	5	3	3	4	6	5	1
	0	1	1	9	2	5	3	8	4	7	5	4
	0	1	1	1	2	9	3	1	4	5	5	5
	0	9	1	5	2	3	3	3	4	3	5	1
	0	7	1	4	2	1	3	1	4	9	5	6
	0	9	1	9	2	3	3	8	4	5	5	8
	0	3	1	9	2	5	3	9	4	4	5	1
	0	9	1	6	2	4	3	8	4	6	5	6
	0	7	1	6	2	6	3	8	4	6	5	7
	0	5	1	6	2	5	3	8	4	9	5	1
	0	3	1	2	2	7	3	5	4	6	5	9
