16	6	1
6
	0	83	1	41	2	30	3	35	4	29	5	36
	0	86	1	44	2	23	3	30	4	26	5	40
	0	80	1	36	2	31	3	31	4	19	5	34
	0	72	1	42	2	18	3	27	4	30	5	40
	0	84	1	33	2	25	3	26	4	38	5	34
	0	71	1	35	2	21	3	39	4	23	5	49
	0	84	1	33	2	30	3	39	4	19	5	39
	0	88	1	35	2	26	3	44	4	38	5	36
	0	89	1	30	2	28	3	43	4	29	5	35
	0	86	1	35	2	19	3	32	4	24	5	46
	0	80	1	35	2	22	3	43	4	19	5	36
	0	86	1	39	2	17	3	34	4	20	5	40
	0	71	1	31	2	17	3	30	4	20	5	38
	0	77	1	39	2	19	3	27	4	29	5	34
	0	75	1	47	2	16	3	33	4	38	5	42
	0	76	1	39	2	33	3	36	4	23	5	40
Resources
1
R0
30
	0	3	1	1	2	5	3	6	4	8	5	1
	0	4	1	3	2	2	3	8	4	6	5	4
	0	5	1	2	2	7	3	4	4	6	5	5
	0	3	1	8	2	6	3	7	4	3	5	2
	0	6	1	5	2	9	3	8	4	2	5	1
	0	9	1	3	2	1	3	5	4	6	5	8
	0	3	1	8	2	6	3	1	4	4	5	4
	0	5	1	2	2	5	3	2	4	1	5	9
	0	5	1	6	2	9	3	6	4	8	5	4
	0	3	1	2	2	4	3	2	4	7	5	1
	0	5	1	3	2	3	3	3	4	2	5	1
	0	7	1	5	2	5	3	7	4	6	5	3
	0	1	1	3	2	3	3	3	4	6	5	3
	0	6	1	5	2	5	3	7	4	8	5	9
	0	7	1	4	2	9	3	1	4	9	5	7
	0	2	1	1	2	4	3	3	4	6	5	2
