16	6	1
6
	0	137	1	131	2	127	3	200	4	118	5	101
	0	100	1	155	2	154	3	112	4	140	5	142
	0	101	1	172	2	181	3	188	4	184	5	194
	0	135	1	188	2	119	3	102	4	188	5	120
	0	182	1	158	2	114	3	184	4	184	5	106
	0	133	1	160	2	181	3	159	4	168	5	106
	0	109	1	191	2	148	3	169	4	140	5	169
	0	126	1	119	2	163	3	105	4	124	5	120
	0	195	1	132	2	106	3	115	4	111	5	100
	0	170	1	142	2	106	3	113	4	168	5	172
	0	173	1	169	2	154	3	173	4	113	5	146
	0	155	1	200	2	169	3	199	4	163	5	106
	0	182	1	186	2	156	3	190	4	172	5	122
	0	146	1	146	2	152	3	157	4	145	5	168
	0	155	1	170	2	165	3	152	4	193	5	104
	0	135	1	143	2	143	3	115	4	148	5	194
Resources
1
R0
30
	0	4	1	3	2	2	3	9	4	3	5	1
	0	1	1	9	2	8	3	1	4	5	5	3
	0	4	1	5	2	7	3	9	4	9	5	7
	0	7	1	7	2	1	3	1	4	9	5	4
	0	9	1	9	2	3	3	9	4	9	5	1
	0	1	1	6	2	5	3	3	4	6	5	1
	0	1	1	9	2	5	3	8	4	7	5	4
	0	1	1	1	2	9	3	1	4	5	5	5
	0	9	1	5	2	3	3	3	4	3	5	1
	0	7	1	4	2	1	3	1	4	9	5	6
	0	9	1	9	2	3	3	8	4	5	5	8
	0	3	1	9	2	5	3	9	4	4	5	1
	0	9	1	6	2	4	3	8	4	6	5	6
	0	7	1	6	2	6	3	8	4	6	5	7
	0	6	1	6	2	5	3	8	4	9	5	1
	0	3	1	2	2	7	3	5	4	6	5	9
