16	6	1
6
	0	153	1	125	2	136	3	166	4	157	5	136
	0	161	1	144	2	187	3	176	4	178	5	106
	0	186	1	146	2	190	3	125	4	193	5	160
	0	165	1	175	2	140	3	155	4	197	5	160
	0	171	1	132	2	183	3	166	4	184	5	125
	0	136	1	136	2	106	3	182	4	117	5	172
	0	190	1	182	2	190	3	162	4	127	5	177
	0	105	1	129	2	200	3	155	4	112	5	114
	0	148	1	123	2	188	3	171	4	167	5	133
	0	191	1	194	2	124	3	107	4	153	5	173
	0	108	1	113	2	183	3	168	4	199	5	147
	0	197	1	108	2	157	3	149	4	178	5	125
	0	154	1	144	2	160	3	196	4	108	5	103
	0	137	1	126	2	163	3	135	4	191	5	148
	0	173	1	197	2	152	3	150	4	134	5	136
	0	184	1	124	2	124	3	156	4	189	5	147
Resources
1
R0
30
	0	6	1	6	2	3	3	9	4	6	5	5
	0	5	1	8	2	5	3	7	4	5	5	1
	0	5	1	3	2	9	3	1	4	9	5	8
	0	5	1	4	2	4	3	8	4	9	5	8
	0	6	1	6	2	7	3	5	4	6	5	5
	0	5	1	3	2	2	3	6	4	1	5	9
	0	9	1	9	2	9	3	3	4	2	5	9
	0	1	1	5	2	9	3	5	4	2	5	1
	0	4	1	1	2	6	3	8	4	9	5	7
	0	8	1	9	2	6	3	3	4	8	5	9
	0	4	1	1	2	7	3	8	4	7	5	7
	0	9	1	1	2	8	3	6	4	8	5	1
	0	6	1	3	2	6	3	9	4	1	5	3
	0	5	1	1	2	7	3	3	4	8	5	2
	0	9	1	9	2	8	3	8	4	1	5	3
	0	9	1	5	2	1	3	9	4	6	5	2
