16	6	1
6
	0	153	1	162	2	177	3	103	4	127	5	187
	0	190	1	131	2	171	3	199	4	146	5	102
	0	159	1	157	2	131	3	194	4	166	5	116
	0	131	1	180	2	175	3	112	4	102	5	121
	0	109	1	153	2	168	3	181	4	192	5	157
	0	138	1	158	2	124	3	193	4	155	5	158
	0	200	1	166	2	163	3	178	4	132	5	113
	0	104	1	121	2	117	3	134	4	141	5	139
	0	110	1	140	2	195	3	191	4	139	5	129
	0	124	1	134	2	134	3	192	4	116	5	142
	0	187	1	135	2	107	3	136	4	133	5	134
	0	126	1	158	2	159	3	109	4	169	5	152
	0	136	1	127	2	192	3	182	4	179	5	127
	0	130	1	170	2	125	3	176	4	146	5	162
	0	148	1	137	2	200	3	114	4	184	5	181
	0	139	1	107	2	194	3	105	4	126	5	189
Resources
1
R0
30
	0	5	1	9	2	9	3	1	4	1	5	9
	0	9	1	2	2	7	3	9	4	8	5	1
	0	7	1	9	2	2	3	9	4	9	5	1
	0	5	1	6	2	5	3	5	4	2	5	1
	0	1	1	3	2	5	3	5	4	7	5	4
	0	3	1	9	2	1	3	9	4	3	5	3
	0	7	1	4	2	5	3	9	4	2	5	3
	0	1	1	1	2	4	3	5	4	1	5	7
	0	1	1	7	2	9	3	9	4	5	5	2
	0	4	1	6	2	2	3	7	4	3	5	5
	0	5	1	3	2	3	3	2	4	4	5	4
	0	1	1	4	2	4	3	1	4	9	5	3
	0	4	1	6	2	7	3	9	4	7	5	1
	0	5	1	7	2	3	3	9	4	4	5	4
	0	8	1	3	2	9	3	1	4	7	5	9
	0	4	1	1	2	8	3	4	4	6	5	9
