16	6	1
6
	0	73	1	65	2	81	3	51	4	18	5	72
	0	10	1	73	2	91	3	92	4	79	5	51
	0	80	1	12	2	39	3	31	4	35	5	35
	0	61	1	77	2	40	3	67	4	24	5	33
	0	24	1	37	2	13	3	37	4	35	5	54
	0	18	1	54	2	89	3	51	4	23	5	73
	0	44	1	78	2	20	3	52	4	34	5	76
	0	56	1	65	2	25	3	38	4	18	5	18
	0	27	1	11	2	90	3	32	4	53	5	31
	0	37	1	16	2	14	3	73	4	70	5	94
	0	88	1	37	2	90	3	48	4	28	5	18
	0	45	1	58	2	25	3	56	4	45	5	11
	0	62	1	97	2	32	3	12	4	100	5	59
	0	32	1	14	2	18	3	14	4	59	5	98
	0	29	1	36	2	37	3	58	4	28	5	58
	0	31	1	97	2	52	3	41	4	33	5	85
Resources
1
R0
30
	0	4	1	5	2	4	3	2	4	6	5	5
	0	3	1	1	2	5	3	6	4	8	5	1
	0	4	1	3	2	2	3	8	4	6	5	4
	0	5	1	2	2	7	3	4	4	6	5	5
	0	3	1	8	2	6	3	7	4	3	5	2
	0	6	1	5	2	9	3	8	4	2	5	1
	0	9	1	3	2	1	3	5	4	6	5	8
	0	3	1	8	2	6	3	1	4	4	5	4
	0	5	1	2	2	5	3	2	4	1	5	9
	0	5	1	6	2	9	3	6	4	8	5	4
	0	3	1	2	2	4	3	2	4	7	5	1
	0	5	1	3	2	3	3	3	4	2	5	1
	0	7	1	5	2	5	3	7	4	6	5	3
	0	1	1	3	2	3	3	3	4	6	5	3
	0	6	1	5	2	5	3	7	4	8	5	9
	0	7	1	4	2	9	3	1	4	9	5	7
