16	6	1
6
	0	78	1	83	2	74	3	85	4	86	5	76
	0	53	1	49	2	49	3	65	4	55	5	65
	0	18	1	12	2	11	3	21	4	11	5	6
	0	48	1	50	2	46	3	57	4	59	5	50
	0	56	1	57	2	58	3	51	4	51	5	61
	0	80	1	68	2	70	3	69	4	79	5	75
	0	11	1	21	2	16	3	11	4	9	5	12
	0	68	1	60	2	76	3	59	4	74	5	61
	0	67	1	52	2	59	3	55	4	65	5	49
	0	35	1	32	2	45	3	32	4	31	5	47
	0	31	1	42	2	31	3	48	4	46	5	30
	0	11	1	12	2	18	3	6	4	14	5	12
	0	84	1	88	2	88	3	81	4	95	5	82
	0	78	1	72	2	80	3	87	4	80	5	87
	0	74	1	63	2	79	3	78	4	64	5	63
	0	36	1	37	2	46	3	35	4	36	5	42
Resources
1
R0
30
	0	7	1	8	2	4	3	4	4	4	5	6
	0	4	1	6	2	5	3	4	4	5	5	6
	0	1	1	1	2	2	3	1	4	2	5	1
	0	2	1	6	2	4	3	2	4	2	5	5
	0	3	1	5	2	5	3	5	4	5	5	4
	0	9	1	3	2	3	3	6	4	3	5	7
	0	1	1	1	2	1	3	1	4	3	5	2
	0	5	1	3	2	6	3	2	4	5	5	4
	0	9	1	7	2	8	3	4	4	7	5	4
	0	4	1	1	2	2	3	3	4	1	5	2
	0	2	1	3	2	1	3	7	4	2	5	2
	0	1	1	1	2	5	3	3	4	1	5	1
	0	9	1	6	2	4	3	5	4	9	5	9
	0	7	1	9	2	7	3	7	4	7	5	4
	0	8	1	3	2	8	3	6	4	3	5	6
	0	1	1	1	2	3	3	2	4	5	5	4
