16	6	1
6
	0	76	1	70	2	71	3	64	4	63	5	66
	0	77	1	86	2	79	3	94	4	92	5	84
	0	34	1	38	2	25	3	38	4	40	5	37
	0	33	1	39	2	38	3	21	4	24	5	35
	0	44	1	35	2	49	3	50	4	51	5	50
	0	73	1	70	2	82	3	78	4	75	5	75
	0	52	1	46	2	46	3	55	4	42	5	49
	0	54	1	56	2	49	3	58	4	57	5	45
	0	69	1	76	2	72	3	61	4	75	5	62
	0	75	1	67	2	77	3	71	4	80	5	68
	0	51	1	45	2	41	3	51	4	46	5	45
	0	79	1	61	2	62	3	66	4	71	5	79
	0	78	1	82	2	81	3	69	4	80	5	75
	0	78	1	86	2	95	3	82	4	82	5	90
	0	113	1	112	2	111	3	95	4	95	5	109
	0	93	1	91	2	103	3	99	4	91	5	94
Resources
1
R0
30
	0	2	1	6	2	8	3	2	4	9	5	9
	0	3	1	5	2	6	3	1	4	4	5	1
	0	9	1	7	2	5	3	1	4	8	5	6
	0	7	1	8	2	7	3	7	4	7	5	2
	0	8	1	4	2	4	3	4	4	8	5	8
	0	7	1	5	2	6	3	6	4	9	5	2
	0	1	1	4	2	3	3	1	4	2	5	4
	0	1	1	2	2	4	3	5	4	6	5	3
	0	4	1	6	2	5	3	8	4	2	5	2
	0	5	1	7	2	3	3	6	4	2	5	5
	0	9	1	7	2	1	3	4	4	8	5	1
	0	3	1	8	2	6	3	7	4	7	5	6
	0	2	1	9	2	9	3	1	4	2	5	8
	0	3	1	1	2	2	3	3	4	6	5	9
	0	9	1	9	2	1	3	8	4	1	5	8
	0	8	1	3	2	6	3	3	4	8	5	1
