16	6	1
6
	0	101	1	193	2	105	3	125	4	131	5	189
	0	186	1	106	2	152	3	156	4	112	5	156
	0	132	1	149	2	161	3	160	4	199	5	140
	0	136	1	107	2	164	3	150	4	114	5	175
	0	179	1	185	2	107	3	135	4	105	5	108
	0	150	1	189	2	123	3	141	4	115	5	123
	0	153	1	177	2	154	3	194	4	109	5	129
	0	157	1	132	2	177	3	100	4	146	5	181
	0	111	1	181	2	186	3	149	4	166	5	162
	0	126	1	196	2	146	3	191	4	164	5	138
	0	180	1	132	2	131	3	183	4	126	5	170
	0	111	1	188	2	198	3	122	4	179	5	140
	0	112	1	193	2	157	3	166	4	170	5	132
	0	117	1	166	2	157	3	146	4	186	5	166
	0	167	1	101	2	183	3	109	4	160	5	183
	0	190	1	157	2	130	3	156	4	138	5	124
Resources
1
R0
30
	0	2	1	7	2	2	3	4	4	2	5	6
	0	4	1	2	2	6	3	4	4	4	5	7
	0	6	1	8	2	5	3	8	4	4	5	3
	0	6	1	7	2	2	3	1	4	6	5	8
	0	3	1	5	2	2	3	1	4	1	5	2
	0	5	1	7	2	9	3	3	4	7	5	8
	0	7	1	5	2	1	3	7	4	6	5	5
	0	4	1	7	2	2	3	9	4	4	5	9
	0	6	1	2	2	5	3	8	4	8	5	3
	0	4	1	8	2	4	3	8	4	6	5	1
	0	7	1	6	2	4	3	1	4	6	5	4
	0	9	1	4	2	1	3	1	4	6	5	9
	0	2	1	3	2	7	3	8	4	7	5	1
	0	4	1	6	2	3	3	9	4	6	5	3
	0	9	1	8	2	9	3	6	4	2	5	7
	0	6	1	7	2	6	3	3	4	9	5	8
