16	6	1
6
	0	81	1	96	2	9	3	66	4	59	5	82
	0	86	1	97	2	20	3	60	4	64	5	67
	0	84	1	103	2	16	3	57	4	62	5	69
	0	83	1	96	2	5	3	65	4	49	5	67
	0	74	1	86	2	19	3	58	4	65	5	82
	0	79	1	96	2	8	3	65	4	67	5	82
	0	74	1	103	2	9	3	48	4	65	5	79
	0	70	1	89	2	21	3	56	4	51	5	74
	0	82	1	91	2	11	3	52	4	49	5	78
	0	86	1	96	2	15	3	63	4	52	5	73
	0	83	1	102	2	21	3	55	4	58	5	78
	0	78	1	99	2	10	3	54	4	55	5	73
	0	76	1	92	2	11	3	51	4	58	5	83
	0	78	1	90	2	17	3	54	4	66	5	75
	0	76	1	93	2	11	3	61	4	56	5	66
	0	85	1	87	2	20	3	61	4	61	5	66
Resources
1
R0
30
	0	7	1	6	2	2	3	7	4	4	5	9
	0	8	1	9	2	4	3	7	4	7	5	8
	0	5	1	5	2	2	3	5	4	2	5	6
	0	4	1	7	2	1	3	5	4	7	5	6
	0	3	1	9	2	4	3	6	4	8	5	6
	0	3	1	9	2	3	3	4	4	7	5	6
	0	3	1	9	2	1	3	7	4	7	5	5
	0	9	1	6	2	5	3	2	4	7	5	9
	0	7	1	9	2	4	3	6	4	6	5	9
	0	4	1	9	2	1	3	3	4	5	5	5
	0	9	1	9	2	3	3	5	4	3	5	3
	0	4	1	9	2	1	3	4	4	2	5	3
	0	8	1	4	2	2	3	4	4	2	5	8
	0	4	1	9	2	1	3	4	4	6	5	9
	0	3	1	9	2	2	3	2	4	4	5	2
	0	9	1	9	2	4	3	2	4	5	5	2
