16	6	1
6
	0	58	1	66	2	79	3	13	4	34	5	88
	0	91	1	38	2	74	3	100	4	51	5	12
	0	63	1	61	2	38	3	95	4	70	5	25
	0	38	1	82	2	78	3	20	4	12	5	29
	0	18	1	58	2	71	3	83	4	93	5	61
	0	44	1	62	2	31	3	94	4	59	5	62
	0	100	1	69	2	67	3	80	4	39	5	22
	0	14	1	29	2	25	3	41	4	46	5	46
	0	19	1	46	2	96	3	92	4	45	5	36
	0	32	1	41	2	41	3	93	4	25	5	47
	0	89	1	41	2	16	3	42	4	39	5	41
	0	33	1	62	2	63	3	18	4	72	5	56
	0	42	1	34	2	92	3	84	4	81	5	34
	0	37	1	73	2	32	3	78	4	52	5	66
	0	53	1	43	2	100	3	22	4	85	5	83
	0	45	1	16	2	95	3	14	4	34	5	90
Resources
1
R0
30
	0	5	1	9	2	9	3	1	4	1	5	9
	0	9	1	2	2	7	3	9	4	8	5	1
	0	7	1	9	2	2	3	9	4	9	5	1
	0	5	1	6	2	5	3	5	4	2	5	1
	0	1	1	3	2	5	3	5	4	7	5	4
	0	3	1	9	2	1	3	9	4	2	5	3
	0	7	1	3	2	5	3	9	4	2	5	3
	0	1	1	1	2	4	3	5	4	1	5	7
	0	1	1	7	2	9	3	9	4	5	5	2
	0	4	1	6	2	2	3	7	4	3	5	5
	0	5	1	3	2	3	3	2	4	3	5	4
	0	1	1	4	2	4	3	1	4	9	5	3
	0	4	1	6	2	7	3	9	4	7	5	1
	0	5	1	7	2	3	3	9	4	4	5	4
	0	8	1	3	2	9	3	1	4	7	5	9
	0	4	1	1	2	8	3	4	4	6	5	9
