16	6	1
6
	0	187	1	107	2	119	3	156	4	150	5	102
	0	109	1	194	2	140	3	145	4	167	5	187
	0	198	1	196	2	175	3	114	4	185	5	149
	0	200	1	108	2	115	3	141	4	189	5	162
	0	116	1	178	2	187	3	171	4	106	5	180
	0	184	1	197	2	108	3	165	4	184	5	155
	0	177	1	147	2	102	3	134	4	161	5	162
	0	186	1	126	2	183	3	121	4	154	5	100
	0	149	1	190	2	177	3	182	4	182	5	181
	0	162	1	177	2	176	3	191	4	180	5	101
	0	183	1	145	2	110	3	154	4	119	5	178
	0	108	1	199	2	199	3	131	4	102	5	181
	0	188	1	184	2	113	3	168	4	192	5	100
	0	100	1	111	2	161	3	111	4	134	5	138
	0	125	1	110	2	186	3	162	4	149	5	185
	0	152	1	122	2	116	3	164	4	200	5	151
Resources
1
R0
30
	0	4	1	9	2	4	3	6	4	8	5	6
	0	9	1	6	2	4	3	6	4	9	5	8
	0	9	1	4	2	1	3	7	4	4	5	7
	0	2	1	5	2	2	3	4	4	5	5	5
	0	5	1	2	2	4	3	1	4	7	5	4
	0	4	1	2	2	7	3	8	4	1	5	3
	0	9	1	3	2	8	3	1	4	3	5	6
	0	5	1	6	2	4	3	3	4	5	5	3
	0	9	1	2	2	5	3	1	4	1	5	6
	0	5	1	5	2	1	3	3	4	9	5	4
	0	2	1	7	2	3	3	8	4	5	5	7
	0	5	1	7	2	9	3	5	4	4	5	4
	0	6	1	2	2	5	3	7	4	2	5	8
	0	5	1	8	2	4	3	9	4	9	5	8
	0	8	1	8	2	7	3	2	4	2	5	9
	0	4	1	1	2	2	3	8	4	4	5	6
