16	6	1
6
	0	54	1	25	2	36	3	66	4	57	5	36
	0	61	1	45	2	87	3	76	4	78	5	7
	0	86	1	47	2	90	3	26	4	94	5	61
	0	66	1	75	2	41	3	55	4	97	5	60
	0	71	1	33	2	83	3	66	4	84	5	26
	0	37	1	37	2	7	3	82	4	18	5	73
	0	90	1	82	2	90	3	62	4	28	5	78
	0	6	1	30	2	100	3	55	4	13	5	15
	0	49	1	24	2	88	3	71	4	67	5	33
	0	91	1	94	2	25	3	8	4	54	5	73
	0	9	1	13	2	84	3	68	4	99	5	47
	0	97	1	9	2	58	3	50	4	78	5	26
	0	55	1	45	2	61	3	96	4	9	5	4
	0	37	1	27	2	63	3	36	4	91	5	49
	0	73	1	97	2	52	3	51	4	35	5	37
	0	84	1	25	2	24	3	56	4	89	5	48
Resources
1
R0
30
	0	6	1	6	2	3	3	8	4	6	5	5
	0	5	1	8	2	5	3	7	4	5	5	1
	0	5	1	3	2	9	3	1	4	9	5	8
	0	5	1	4	2	4	3	7	4	9	5	8
	0	6	1	6	2	7	3	4	4	6	5	5
	0	5	1	3	2	2	3	6	4	1	5	9
	0	9	1	9	2	9	3	3	4	2	5	9
	0	1	1	5	2	9	3	4	4	2	5	1
	0	4	1	1	2	5	3	8	4	9	5	6
	0	8	1	9	2	6	3	3	4	8	5	9
	0	4	1	1	2	7	3	8	4	6	5	7
	0	9	1	1	2	8	3	6	4	8	5	1
	0	6	1	3	2	6	3	9	4	1	5	3
	0	5	1	1	2	7	3	3	4	8	5	2
	0	9	1	9	2	8	3	8	4	1	5	3
	0	9	1	5	2	1	3	9	4	6	5	2
