16	6	1
6
	0	42	1	18	2	9	3	26	4	70	5	48
	0	7	1	92	2	24	3	61	4	68	5	32
	0	55	1	35	2	64	3	16	4	13	5	55
	0	45	1	74	2	64	3	53	4	23	5	47
	0	39	1	69	2	84	3	68	4	100	5	43
	0	12	1	56	2	41	3	28	4	56	5	50
	0	4	1	29	2	8	3	56	4	26	5	67
	0	10	1	26	2	8	3	68	4	91	5	58
	0	13	1	77	2	21	3	24	4	82	5	98
	0	93	1	18	2	84	3	58	4	38	5	39
	0	85	1	94	2	47	3	86	4	39	5	68
	0	40	1	90	2	15	3	9	4	38	5	59
	0	37	1	72	2	80	3	63	4	59	5	31
	0	51	1	28	2	56	3	92	4	40	5	67
	0	45	1	32	2	25	3	29	4	34	5	61
	0	77	1	79	2	87	3	14	4	98	5	96
Resources
1
R0
30
	0	3	1	6	2	7	3	9	4	4	5	6
	0	6	1	1	2	5	3	1	4	9	5	9
	0	5	1	1	2	1	3	3	4	3	5	3
	0	2	1	5	2	9	3	3	4	8	5	8
	0	7	1	1	2	2	3	4	4	5	5	8
	0	3	1	8	2	9	3	5	4	7	5	3
	0	3	1	7	2	5	3	9	4	5	5	9
	0	6	1	7	2	2	3	6	4	3	5	6
	0	4	1	2	2	7	3	4	4	7	5	7
	0	4	1	8	2	1	3	2	4	7	5	8
	0	1	1	7	2	1	3	6	4	3	5	5
	0	6	1	4	2	1	3	2	4	6	5	3
	0	3	1	6	2	1	3	6	4	1	5	8
	0	8	1	3	2	5	3	8	4	2	5	8
	0	2	1	4	2	4	3	4	4	2	5	3
	0	6	1	4	2	2	3	7	4	9	5	3
