16	6	1
6
	0	72	1	60	2	87	3	73	4	69	5	28
	0	55	1	28	2	12	3	66	4	86	5	71
	0	48	1	38	2	46	3	38	4	78	5	85
	0	65	1	70	2	97	3	67	4	21	5	65
	0	99	1	35	2	43	3	67	4	93	5	78
	0	47	1	41	2	54	3	23	4	13	5	31
	0	82	1	61	2	13	3	73	4	27	5	29
	0	86	1	39	2	58	3	85	4	36	5	40
	0	68	1	38	2	78	3	51	4	96	5	65
	0	51	1	87	2	57	3	88	4	12	5	48
	0	30	1	81	2	42	3	37	4	26	5	41
	0	70	1	71	2	52	3	64	4	85	5	73
	0	17	1	88	2	96	3	90	4	23	5	18
	0	29	1	55	2	42	3	59	4	93	5	48
	0	69	1	68	2	88	3	20	4	32	5	21
	0	90	1	90	2	77	3	51	4	71	5	48
Resources
1
R0
30
	0	8	1	5	2	9	3	7	4	3	5	1
	0	5	1	1	2	2	3	8	4	7	5	9
	0	5	1	6	2	6	3	5	4	9	5	9
	0	4	1	4	2	9	3	6	4	1	5	6
	0	6	1	2	2	1	3	6	4	9	5	7
	0	1	1	6	2	7	3	3	4	4	5	2
	0	5	1	8	2	3	3	6	4	3	5	1
	0	5	1	6	2	5	3	9	4	5	5	3
	0	9	1	2	2	9	3	2	4	9	5	9
	0	5	1	9	2	8	3	9	4	3	5	7
	0	1	1	9	2	1	3	1	4	3	5	3
	0	9	1	9	2	6	3	6	4	6	5	4
	0	1	1	9	2	9	3	8	4	1	5	1
	0	4	1	2	2	5	3	5	4	6	5	5
	0	4	1	9	2	5	3	1	4	4	5	5
	0	6	1	9	2	8	3	2	4	6	5	1
