16	6	1
6
	0	129	1	136	2	176	3	144	4	172	5	109
	0	180	1	185	2	118	3	187	4	121	5	171
	0	156	1	117	2	130	3	169	4	113	5	114
	0	149	1	108	2	134	3	161	4	107	5	153
	0	156	1	145	2	128	3	198	4	133	5	114
	0	148	1	182	2	170	3	160	4	175	5	144
	0	187	1	124	2	158	3	185	4	110	5	136
	0	198	1	167	2	187	3	165	4	164	5	133
	0	118	1	105	2	154	3	150	4	133	5	188
	0	163	1	185	2	166	3	102	4	193	5	192
	0	183	1	170	2	173	3	139	4	108	5	111
	0	112	1	152	2	100	3	166	4	180	5	183
	0	133	1	117	2	101	3	107	4	111	5	156
	0	192	1	143	2	111	3	159	4	200	5	197
	0	145	1	199	2	188	3	134	4	146	5	176
	0	137	1	175	2	190	3	177	4	167	5	112
Resources
1
R0
30
	0	3	1	6	2	9	3	6	4	4	5	5
	0	9	1	2	2	6	3	9	4	4	5	8
	0	6	1	1	2	6	3	4	4	7	5	4
	0	8	1	4	2	9	3	1	4	4	5	4
	0	7	1	3	2	6	3	4	4	8	5	5
	0	8	1	4	2	9	3	6	4	2	5	6
	0	4	1	9	2	6	3	4	4	8	5	4
	0	1	1	8	2	5	3	4	4	4	5	6
	0	7	1	2	2	3	3	6	4	2	5	4
	0	6	1	5	2	3	3	3	4	7	5	7
	0	9	1	1	2	7	3	7	4	9	5	9
	0	8	1	4	2	2	3	2	4	3	5	7
	0	7	1	2	2	1	3	9	4	3	5	5
	0	6	1	5	2	9	3	5	4	1	5	6
	0	4	1	1	2	1	3	1	4	8	5	4
	0	7	1	6	2	4	3	6	4	9	5	4
