16	6	1
6
	0	142	1	117	2	108	3	126	4	169	5	148
	0	106	1	192	2	123	3	161	4	168	5	131
	0	155	1	134	2	164	3	115	4	112	5	155
	0	144	1	173	2	164	3	153	4	123	5	147
	0	138	1	169	2	183	3	167	4	200	5	142
	0	111	1	155	2	141	3	127	4	156	5	149
	0	103	1	128	2	107	3	156	4	125	5	166
	0	109	1	125	2	107	3	167	4	191	5	158
	0	112	1	177	2	120	3	123	4	182	5	198
	0	193	1	117	2	184	3	158	4	137	5	138
	0	184	1	194	2	147	3	186	4	138	5	168
	0	139	1	189	2	114	3	108	4	137	5	159
	0	137	1	171	2	180	3	162	4	159	5	130
	0	151	1	127	2	155	3	192	4	140	5	166
	0	144	1	131	2	124	3	129	4	133	5	160
	0	177	1	179	2	187	3	114	4	198	5	196
Resources
1
R0
30
	0	3	1	6	2	7	3	9	4	4	5	6
	0	6	1	1	2	5	3	1	4	9	5	9
	0	5	1	1	2	1	3	3	4	3	5	3
	0	2	1	5	2	9	3	3	4	8	5	8
	0	7	1	1	2	2	3	4	4	5	5	8
	0	3	1	8	2	9	3	5	4	7	5	3
	0	3	1	7	2	5	3	9	4	5	5	9
	0	6	1	7	2	2	3	6	4	3	5	6
	0	4	1	2	2	7	3	4	4	7	5	7
	0	4	1	8	2	1	3	2	4	7	5	8
	0	1	1	7	2	1	3	6	4	3	5	5
	0	6	1	4	2	1	3	2	4	6	5	3
	0	3	1	6	2	1	3	6	4	1	5	8
	0	8	1	3	2	5	3	8	4	2	5	8
	0	2	1	4	2	4	3	4	4	2	5	3
	0	6	1	4	2	2	3	7	4	9	5	3
