16	6	1
6
	0	45	1	58	2	43	3	54	4	52	5	57
	0	82	1	72	2	78	3	67	4	73	5	81
	0	38	1	49	2	40	3	44	4	53	5	40
	0	19	1	27	2	16	3	11	4	11	5	13
	0	41	1	44	2	53	3	49	4	38	5	45
	0	111	1	117	2	105	3	119	4	118	5	115
	0	79	1	75	2	79	3	84	4	74	5	85
	0	60	1	50	2	60	3	50	4	52	5	49
	0	99	1	109	2	94	3	91	4	107	5	108
	0	45	1	39	2	47	3	44	4	52	5	41
	0	63	1	64	2	63	3	66	4	70	5	74
	0	44	1	39	2	30	3	47	4	29	5	41
	0	37	1	41	2	30	3	45	4	39	5	26
	0	59	1	51	2	51	3	51	4	51	5	59
	0	10	1	16	2	22	3	19	4	16	5	16
	0	31	1	22	2	36	3	37	4	29	5	21
Resources
1
R0
30
	0	2	1	9	2	4	3	9	4	8	5	3
	0	2	1	2	2	8	3	7	4	6	5	1
	0	6	1	9	2	4	3	4	4	6	5	1
	0	9	1	2	2	9	3	6	4	6	5	5
	0	5	1	5	2	6	3	3	4	2	5	2
	0	9	1	8	2	9	3	6	4	1	5	4
	0	4	1	7	2	4	3	8	4	8	5	8
	0	4	1	5	2	9	3	6	4	4	5	9
	0	3	1	9	2	1	3	2	4	1	5	6
	0	3	1	1	2	7	3	4	4	1	5	5
	0	5	1	5	2	2	3	6	4	9	5	1
	0	6	1	4	2	4	3	6	4	5	5	2
	0	2	1	2	2	8	3	3	4	6	5	3
	0	7	1	8	2	7	3	7	4	7	5	3
	0	7	1	4	2	9	3	3	4	4	5	2
	0	3	1	2	2	6	3	6	4	1	5	3
