16	6	1
6
	0	46	1	64	2	66	3	41	4	17	5	37
	0	44	1	70	2	57	3	44	4	23	5	38
	0	48	1	68	2	62	3	43	4	27	5	39
	0	56	1	66	2	58	3	28	4	23	5	45
	0	52	1	60	2	68	3	41	4	30	5	48
	0	44	1	65	2	62	3	36	4	31	5	48
	0	61	1	63	2	70	3	32	4	28	5	50
	0	47	1	69	2	58	3	32	4	27	5	35
	0	55	1	72	2	62	3	41	4	22	5	52
	0	56	1	69	2	58	3	43	4	26	5	52
	0	49	1	75	2	70	3	34	4	21	5	37
	0	53	1	64	2	75	3	42	4	27	5	46
	0	49	1	58	2	68	3	32	4	34	5	47
	0	55	1	67	2	59	3	38	4	23	5	52
	0	46	1	64	2	72	3	32	4	29	5	41
	0	45	1	61	2	61	3	42	4	24	5	45
Resources
1
R0
30
	0	6	1	1	2	5	3	1	4	9	5	9
	0	5	1	1	2	1	3	3	4	3	5	3
	0	2	1	5	2	9	3	3	4	8	5	8
	0	7	1	1	2	2	3	4	4	5	5	8
	0	3	1	8	2	9	3	5	4	7	5	3
	0	3	1	7	2	5	3	9	4	5	5	9
	0	6	1	7	2	2	3	6	4	3	5	6
	0	4	1	2	2	7	3	4	4	7	5	7
	0	4	1	8	2	1	3	2	4	7	5	8
	0	1	1	7	2	1	3	6	4	3	5	5
	0	6	1	4	2	1	3	2	4	6	5	3
	0	3	1	6	2	1	3	6	4	1	5	8
	0	8	1	3	2	5	3	8	4	2	5	8
	0	2	1	4	2	4	3	4	4	2	5	3
	0	6	1	4	2	2	3	7	4	9	5	3
	0	3	1	8	2	5	3	7	4	2	5	7
