16	6	1
6
	0	49	1	35	2	33	3	44	4	42	5	33
	0	94	1	97	2	99	3	90	4	99	5	103
	0	83	1	85	2	88	3	95	4	96	5	86
	0	103	1	104	2	103	3	101	4	108	5	114
	0	55	1	61	2	71	3	69	4	69	5	54
	0	45	1	41	2	57	3	46	4	44	5	55
	0	50	1	46	2	48	3	61	4	50	5	53
	0	71	1	72	2	63	3	66	4	73	5	74
	0	69	1	71	2	80	3	81	4	76	5	79
	0	68	1	61	2	64	3	59	4	61	5	69
	0	38	1	51	2	48	3	34	4	49	5	44
	0	63	1	67	2	68	3	61	4	57	5	74
	0	37	1	28	2	40	3	26	4	39	5	29
	0	5	1	3	2	19	3	8	4	21	5	3
	0	97	1	94	2	98	3	104	4	102	5	93
	0	112	1	98	2	105	3	105	4	110	5	112
Resources
1
R0
30
	0	5	1	4	2	4	3	4	4	1	5	2
	0	5	1	5	2	9	3	4	4	7	5	9
	0	7	1	9	2	5	3	6	4	6	5	9
	0	5	1	9	2	9	3	6	4	9	5	9
	0	5	1	4	2	3	3	4	4	6	5	3
	0	1	1	4	2	4	3	1	4	4	5	7
	0	1	1	6	2	4	3	5	4	6	5	2
	0	8	1	9	2	6	3	4	4	7	5	4
	0	3	1	7	2	4	3	7	4	4	5	9
	0	6	1	5	2	2	3	4	4	5	5	3
	0	5	1	1	2	5	3	2	4	6	5	6
	0	6	1	5	2	7	3	7	4	4	5	8
	0	4	1	4	2	4	3	3	4	4	5	6
	0	3	1	1	2	3	3	1	4	5	5	1
	0	9	1	9	2	9	3	9	4	5	5	6
	0	9	1	7	2	9	3	5	4	7	5	8
