16	6	1
6
	0	54	1	62	2	77	3	4	4	28	5	87
	0	90	1	32	2	71	3	99	4	47	5	3
	0	59	1	57	2	32	3	94	4	66	5	17
	0	32	1	80	2	76	3	12	4	3	5	22
	0	10	1	54	2	69	3	81	4	92	5	57
	0	38	1	58	2	24	3	93	4	55	5	58
	0	100	1	66	2	63	3	78	4	33	5	14
	0	5	1	22	2	17	3	35	4	41	5	40
	0	11	1	40	2	95	3	91	4	40	5	30
	0	25	1	35	2	35	3	92	4	17	5	42
	0	87	1	36	2	7	3	37	4	33	5	35
	0	26	1	58	2	59	3	9	4	69	5	52
	0	36	1	27	2	92	3	82	4	79	5	28
	0	30	1	71	2	26	3	76	4	47	5	63
	0	48	1	37	2	100	3	14	4	84	5	81
	0	40	1	8	2	94	3	6	4	27	5	89
Resources
1
R0
30
	0	5	1	9	2	9	3	1	4	1	5	9
	0	9	1	2	2	7	3	8	4	8	5	1
	0	7	1	9	2	2	3	9	4	8	5	1
	0	5	1	6	2	5	3	5	4	2	5	1
	0	1	1	3	2	5	3	5	4	7	5	4
	0	3	1	9	2	1	3	9	4	2	5	3
	0	7	1	3	2	5	3	9	4	2	5	3
	0	1	1	1	2	4	3	5	4	1	5	7
	0	1	1	7	2	9	3	9	4	5	5	2
	0	4	1	6	2	2	3	7	4	3	5	5
	0	5	1	3	2	3	3	2	4	3	5	4
	0	1	1	4	2	4	3	1	4	9	5	3
	0	4	1	6	2	7	3	9	4	7	5	1
	0	5	1	7	2	3	3	9	4	4	5	4
	0	8	1	3	2	9	3	1	4	7	5	9
	0	4	1	1	2	8	3	4	4	6	5	9
