16	6	1
6
	0	70	1	62	2	79	3	46	4	10	5	70
	0	1	1	70	2	90	3	91	4	77	5	46
	0	78	1	3	2	33	3	24	4	28	5	29
	0	57	1	75	2	34	3	64	4	16	5	26
	0	16	1	30	2	4	3	30	4	28	5	49
	0	10	1	49	2	88	3	46	4	15	5	71
	0	38	1	76	2	12	3	48	4	27	5	73
	0	51	1	61	2	18	3	31	4	10	5	10
	0	20	1	2	2	89	3	25	4	48	5	24
	0	30	1	7	2	5	3	70	4	67	5	93
	0	87	1	31	2	88	3	42	4	21	5	10
	0	40	1	54	2	18	3	52	4	39	5	2
	0	58	1	97	2	25	3	4	4	100	5	55
	0	26	1	5	2	10	3	6	4	54	5	97
	0	22	1	29	2	31	3	54	4	21	5	54
	0	24	1	97	2	47	3	35	4	26	5	84
Resources
1
R0
30
	0	4	1	5	2	4	3	2	4	6	5	5
	0	3	1	1	2	5	3	6	4	8	5	1
	0	4	1	3	2	2	3	8	4	6	5	4
	0	5	1	2	2	7	3	4	4	6	5	5
	0	3	1	8	2	6	3	7	4	3	5	2
	0	6	1	5	2	9	3	8	4	2	5	1
	0	9	1	3	2	1	3	5	4	6	5	8
	0	3	1	8	2	6	3	1	4	4	5	4
	0	5	1	2	2	5	3	2	4	1	5	9
	0	5	1	6	2	9	3	6	4	8	5	4
	0	3	1	2	2	4	3	2	4	7	5	1
	0	5	1	3	2	3	3	3	4	2	5	1
	0	7	1	5	2	5	3	7	4	6	5	3
	0	1	1	3	2	3	3	3	4	6	5	3
	0	6	1	5	2	5	3	7	4	8	5	9
	0	7	1	4	2	9	3	1	4	9	5	7
