16	6	1
6
	0	69	1	56	2	85	3	71	4	66	5	21
	0	50	1	21	2	4	3	63	4	84	5	68
	0	43	1	32	2	41	3	32	4	76	5	83
	0	62	1	67	2	97	3	64	4	13	5	62
	0	99	1	28	2	37	3	64	4	92	5	76
	0	42	1	35	2	50	3	16	4	4	5	24
	0	80	1	58	2	4	3	71	4	20	5	22
	0	84	1	33	2	54	3	84	4	29	5	34
	0	64	1	32	2	76	3	47	4	95	5	61
	0	46	1	86	2	53	3	86	4	3	5	43
	0	23	1	79	2	36	3	31	4	18	5	35
	0	67	1	68	2	47	3	60	4	83	5	71
	0	9	1	86	2	96	3	89	4	16	5	9
	0	22	1	51	2	36	3	55	4	92	5	43
	0	66	1	64	2	87	3	12	4	25	5	13
	0	89	1	89	2	75	3	46	4	68	5	43
Resources
1
R0
30
	0	8	1	5	2	9	3	7	4	3	5	1
	0	5	1	1	2	2	3	8	4	7	5	9
	0	5	1	6	2	6	3	5	4	9	5	9
	0	4	1	4	2	9	3	6	4	1	5	6
	0	6	1	2	2	1	3	6	4	9	5	7
	0	1	1	6	2	7	3	3	4	4	5	2
	0	5	1	8	2	3	3	6	4	3	5	1
	0	5	1	6	2	5	3	9	4	5	5	3
	0	9	1	2	2	9	3	2	4	9	5	9
	0	5	1	9	2	8	3	9	4	3	5	7
	0	1	1	9	2	1	3	1	4	3	5	3
	0	9	1	9	2	6	3	6	4	6	5	4
	0	1	1	9	2	9	3	8	4	1	5	1
	0	4	1	2	2	5	3	5	4	6	5	5
	0	4	1	9	2	5	3	1	4	4	5	5
	0	6	1	9	2	8	3	2	4	6	5	1
