16	6	1
6
	0	36	1	43	2	78	3	50	4	75	5	18
	0	82	1	87	2	26	3	88	4	29	5	74
	0	60	1	25	2	37	3	72	4	22	5	22
	0	54	1	17	2	40	3	65	4	16	5	58
	0	61	1	51	2	35	3	98	4	40	5	23
	0	53	1	84	2	73	3	64	4	77	5	49
	0	88	1	31	2	63	3	87	4	19	5	42
	0	98	1	71	2	88	3	68	4	68	5	39
	0	26	1	15	2	58	3	55	4	39	5	89
	0	67	1	87	2	70	3	12	4	94	5	93
	0	84	1	73	2	75	3	45	4	17	5	20
	0	20	1	57	2	10	3	69	4	82	5	85
	0	40	1	25	2	11	3	16	4	20	5	61
	0	93	1	48	2	20	3	63	4	100	5	98
	0	50	1	99	2	90	3	41	4	52	5	78
	0	43	1	78	2	91	3	79	4	70	5	21
Resources
1
R0
30
	0	3	1	6	2	9	3	6	4	4	5	5
	0	9	1	2	2	6	3	9	4	4	5	8
	0	6	1	1	2	6	3	4	4	7	5	4
	0	8	1	4	2	9	3	1	4	4	5	4
	0	7	1	3	2	6	3	4	4	8	5	5
	0	8	1	4	2	9	3	6	4	2	5	6
	0	4	1	9	2	6	3	4	4	8	5	4
	0	1	1	8	2	5	3	4	4	4	5	6
	0	7	1	2	2	3	3	6	4	2	5	4
	0	6	1	5	2	3	3	3	4	7	5	7
	0	9	1	1	2	7	3	7	4	9	5	9
	0	8	1	4	2	2	3	2	4	3	5	7
	0	7	1	2	2	1	3	9	4	3	5	5
	0	6	1	5	2	9	3	5	4	1	5	6
	0	4	1	1	2	1	3	1	4	8	5	4
	0	7	1	6	2	4	3	6	4	9	5	4
