16	6	1
6
	0	39	1	33	2	44	3	28	4	28	5	38
	0	48	1	57	2	56	3	55	4	45	5	59
	0	99	1	96	2	95	3	94	4	105	5	103
	0	46	1	42	2	38	3	43	4	36	5	47
	0	75	1	70	2	64	3	66	4	75	5	73
	0	18	1	17	2	21	3	17	4	27	5	32
	0	51	1	47	2	45	3	40	4	40	5	44
	0	75	1	72	2	67	3	71	4	78	5	68
	0	24	1	36	2	22	3	21	4	33	5	32
	0	33	1	34	2	21	3	23	4	23	5	33
	0	103	1	94	2	102	3	105	4	94	5	111
	0	82	1	91	2	94	3	100	4	87	5	87
	0	38	1	27	2	25	3	36	4	30	5	37
	0	20	1	21	2	32	3	33	4	25	5	26
	0	31	1	22	2	29	3	33	4	35	5	27
	0	33	1	26	2	28	3	38	4	34	5	25
Resources
1
R0
30
	0	4	1	7	2	7	3	6	4	5	5	3
	0	2	1	2	2	6	3	4	4	8	5	6
	0	1	1	6	2	6	3	7	4	8	5	2
	0	2	1	1	2	9	3	5	4	7	5	9
	0	9	1	7	2	4	3	5	4	3	5	8
	0	7	1	9	2	5	3	6	4	1	5	5
	0	4	1	1	2	4	3	8	4	7	5	2
	0	3	1	5	2	1	3	1	4	6	5	4
	0	5	1	3	2	1	3	7	4	4	5	4
	0	1	1	8	2	8	3	8	4	9	5	5
	0	9	1	9	2	8	3	9	4	8	5	3
	0	3	1	8	2	2	3	4	4	3	5	7
	0	8	1	2	2	1	3	6	4	4	5	6
	0	3	1	1	2	2	3	4	4	9	5	8
	0	9	1	2	2	4	3	9	4	1	5	1
	0	4	1	3	2	5	3	3	4	3	5	8
