16	6	1
6
	0	2	1	93	2	6	3	26	4	31	5	89
	0	86	1	7	2	53	3	57	4	13	5	57
	0	33	1	49	2	61	3	61	4	99	5	41
	0	37	1	8	2	65	3	51	4	15	5	75
	0	79	1	85	2	8	3	35	4	6	5	9
	0	51	1	89	2	23	3	42	4	16	5	23
	0	54	1	78	2	55	3	94	4	10	5	30
	0	58	1	32	2	77	3	1	4	46	5	81
	0	12	1	81	2	86	3	50	4	67	5	63
	0	27	1	96	2	46	3	91	4	64	5	38
	0	80	1	33	2	32	3	83	4	27	5	70
	0	12	1	88	2	98	3	23	4	79	5	41
	0	13	1	93	2	58	3	67	4	71	5	33
	0	18	1	66	2	57	3	46	4	86	5	67
	0	68	1	2	2	83	3	10	4	60	5	83
	0	90	1	58	2	30	3	57	4	39	5	25
Resources
1
R0
30
	0	2	1	7	2	2	3	4	4	2	5	6
	0	4	1	2	2	6	3	4	4	4	5	7
	0	6	1	8	2	5	3	8	4	4	5	3
	0	6	1	7	2	2	3	1	4	6	5	8
	0	3	1	5	2	2	3	1	4	1	5	2
	0	5	1	7	2	9	3	3	4	7	5	8
	0	7	1	5	2	1	3	7	4	6	5	5
	0	4	1	7	2	2	3	9	4	4	5	9
	0	6	1	2	2	5	3	8	4	8	5	3
	0	4	1	8	2	4	3	8	4	6	5	1
	0	7	1	6	2	4	3	1	4	6	5	4
	0	9	1	4	2	1	3	1	4	6	5	9
	0	2	1	3	2	7	3	8	4	7	5	1
	0	4	1	6	2	3	3	9	4	6	5	3
	0	9	1	8	2	9	3	6	4	2	5	7
	0	6	1	7	2	6	3	3	4	9	5	8
