16	6	1
6
	0	59	1	75	2	33	3	85	4	68	5	108
	0	62	1	76	2	36	3	78	4	74	5	108
	0	68	1	70	2	35	3	90	4	64	5	104
	0	66	1	72	2	36	3	90	4	69	5	105
	0	62	1	81	2	31	3	76	4	67	5	114
	0	67	1	73	2	24	3	73	4	71	5	102
	0	63	1	76	2	34	3	82	4	78	5	102
	0	72	1	68	2	20	3	86	4	60	5	109
	0	70	1	78	2	24	3	73	4	59	5	115
	0	70	1	75	2	38	3	74	4	66	5	107
	0	56	1	78	2	29	3	88	4	64	5	111
	0	72	1	67	2	21	3	85	4	71	5	117
	0	64	1	69	2	21	3	91	4	66	5	105
	0	72	1	69	2	28	3	81	4	77	5	113
	0	60	1	63	2	23	3	91	4	68	5	107
	0	73	1	78	2	36	3	73	4	73	5	111
Resources
1
R0
30
	0	4	1	9	2	1	3	7	4	3	5	6
	0	2	1	4	2	5	3	3	4	8	5	9
	0	5	1	3	2	3	3	9	4	8	5	9
	0	4	1	9	2	2	3	5	4	4	5	9
	0	6	1	6	2	4	3	4	4	3	5	9
	0	7	1	7	2	5	3	3	4	5	5	9
	0	2	1	8	2	5	3	6	4	6	5	6
	0	5	1	4	2	1	3	8	4	8	5	9
	0	5	1	6	2	5	3	8	4	8	5	9
	0	9	1	4	2	2	3	7	4	2	5	9
	0	7	1	5	2	5	3	8	4	5	5	7
	0	7	1	4	2	2	3	9	4	3	5	9
	0	6	1	4	2	3	3	6	4	4	5	5
	0	8	1	8	2	6	3	9	4	3	5	8
	0	8	1	7	2	1	3	9	4	3	5	6
	0	7	1	7	2	1	3	4	4	8	5	6
