16	6	1
6
	0	38	1	25	2	84	3	58	4	15	5	117
	0	46	1	17	2	93	3	69	4	17	5	106
	0	39	1	22	2	80	3	64	4	18	5	109
	0	45	1	28	2	87	3	68	4	8	5	115
	0	32	1	17	2	92	3	65	4	5	5	107
	0	46	1	26	2	78	3	52	4	2	5	114
	0	48	1	27	2	83	3	70	4	3	5	117
	0	34	1	25	2	95	3	70	4	4	5	115
	0	48	1	21	2	89	3	68	4	13	5	113
	0	35	1	35	2	93	3	65	4	20	5	102
	0	45	1	22	2	88	3	66	4	10	5	104
	0	42	1	18	2	88	3	59	4	4	5	111
	0	34	1	25	2	82	3	53	4	13	5	118
	0	36	1	32	2	79	3	54	4	21	5	111
	0	44	1	29	2	77	3	54	4	21	5	108
	0	33	1	27	2	86	3	62	4	10	5	110
Resources
1
R0
30
	0	9	1	2	2	6	3	9	4	4	5	8
	0	6	1	1	2	6	3	4	4	7	5	4
	0	8	1	4	2	9	3	1	4	4	5	4
	0	7	1	3	2	6	3	4	4	8	5	5
	0	8	1	4	2	9	3	6	4	2	5	6
	0	4	1	9	2	6	3	4	4	8	5	4
	0	1	1	8	2	5	3	4	4	4	5	6
	0	7	1	2	2	3	3	6	4	2	5	4
	0	6	1	5	2	3	3	3	4	7	5	7
	0	9	1	1	2	7	3	7	4	9	5	9
	0	8	1	4	2	2	3	2	4	3	5	7
	0	7	1	2	2	1	3	9	4	3	5	5
	0	6	1	5	2	9	3	5	4	1	5	6
	0	4	1	1	2	1	3	1	4	8	5	4
	0	7	1	6	2	4	3	6	4	9	5	4
	0	2	1	2	2	2	3	8	4	2	5	2
