16	6	1
6
	0	102	1	111	2	112	3	112	4	116	5	111
	0	76	1	72	2	75	3	73	4	81	5	66
	0	27	1	43	2	30	3	42	4	35	5	39
	0	37	1	35	2	32	3	40	4	41	5	24
	0	46	1	43	2	37	3	29	4	43	5	33
	0	109	1	106	2	99	3	97	4	104	5	109
	0	104	1	105	2	113	3	97	4	110	5	103
	0	35	1	45	2	47	3	40	4	45	5	44
	0	101	1	109	2	110	3	100	4	105	5	103
	0	81	1	69	2	65	3	74	4	67	5	68
	0	93	1	109	2	95	3	95	4	104	5	102
	0	63	1	72	2	59	3	73	4	60	5	77
	0	61	1	48	2	62	3	61	4	53	5	50
	0	110	1	98	2	108	3	117	4	105	5	110
	0	57	1	48	2	63	3	52	4	65	5	58
	0	72	1	63	2	68	3	71	4	70	5	71
Resources
1
R0
30
	0	1	1	6	2	4	3	9	4	7	5	2
	0	5	1	5	2	1	3	6	4	4	5	4
	0	4	1	3	2	3	3	2	4	8	5	8
	0	7	1	3	2	3	3	1	4	2	5	4
	0	7	1	8	2	7	3	4	4	8	5	5
	0	7	1	2	2	4	3	6	4	3	5	7
	0	9	1	8	2	2	3	2	4	8	5	7
	0	2	1	8	2	8	3	6	4	3	5	7
	0	1	1	7	2	2	3	8	4	2	5	3
	0	5	1	1	2	3	3	9	4	6	5	4
	0	3	1	5	2	5	3	1	4	1	5	8
	0	8	1	4	2	7	3	2	4	2	5	4
	0	2	1	5	2	9	3	7	4	6	5	3
	0	3	1	5	2	2	3	2	4	9	5	4
	0	5	1	8	2	8	3	6	4	5	5	7
	0	6	1	2	2	3	3	2	4	7	5	8
