16	6	1
6
	0	90	1	69	2	96	3	100	4	106	5	29
	0	92	1	51	2	100	3	100	4	100	5	24
	0	100	1	53	2	94	3	96	4	116	5	21
	0	99	1	58	2	85	3	99	4	117	5	28
	0	89	1	67	2	91	3	99	4	116	5	22
	0	90	1	62	2	97	3	102	4	102	5	16
	0	107	1	53	2	97	3	100	4	113	5	15
	0	97	1	65	2	102	3	84	4	118	5	24
	0	98	1	67	2	90	3	100	4	100	5	31
	0	102	1	64	2	101	3	92	4	100	5	22
	0	106	1	51	2	89	3	86	4	102	5	19
	0	108	1	66	2	95	3	94	4	112	5	31
	0	108	1	66	2	85	3	87	4	102	5	18
	0	103	1	69	2	94	3	99	4	106	5	24
	0	91	1	51	2	102	3	85	4	107	5	28
	0	105	1	63	2	100	3	103	4	105	5	23
Resources
1
R0
30
	0	9	1	6	2	4	3	6	4	9	5	8
	0	9	1	4	2	1	3	7	4	4	5	7
	0	2	1	5	2	2	3	4	4	5	5	5
	0	5	1	2	2	4	3	1	4	7	5	4
	0	4	1	2	2	7	3	8	4	1	5	3
	0	9	1	3	2	8	3	1	4	3	5	6
	0	5	1	6	2	4	3	3	4	5	5	3
	0	9	1	2	2	5	3	1	4	1	5	6
	0	5	1	5	2	1	3	3	4	9	5	4
	0	2	1	7	2	3	3	8	4	5	5	7
	0	5	1	7	2	9	3	5	4	4	5	4
	0	6	1	2	2	5	3	7	4	2	5	8
	0	5	1	8	2	4	3	9	4	9	5	8
	0	8	1	8	2	7	3	2	4	2	5	9
	0	4	1	1	2	2	3	8	4	4	5	6
	0	8	1	4	2	3	3	6	4	5	5	3
