16	6	1
6
	0	89	1	17	2	27	3	60	4	55	5	11
	0	18	1	95	2	46	3	51	4	70	5	88
	0	98	1	96	2	77	3	22	4	86	5	54
	0	100	1	17	2	23	3	47	4	90	5	66
	0	24	1	80	2	89	3	74	4	16	5	82
	0	86	1	97	2	17	3	69	4	86	5	60
	0	80	1	52	2	12	3	40	4	65	5	66
	0	87	1	34	2	85	3	29	4	59	5	10
	0	54	1	91	2	79	3	84	4	83	5	83
	0	65	1	79	2	78	3	92	4	82	5	11
	0	85	1	50	2	19	3	59	4	28	5	80
	0	17	1	99	2	99	3	37	4	11	5	83
	0	89	1	85	2	21	3	71	4	93	5	10
	0	10	1	20	2	65	3	20	4	41	5	44
	0	32	1	19	2	87	3	65	4	54	5	87
	0	57	1	29	2	24	3	67	4	100	5	56
Resources
1
R0
30
	0	4	1	9	2	4	3	6	4	8	5	6
	0	9	1	6	2	4	3	6	4	9	5	8
	0	9	1	4	2	1	3	7	4	4	5	7
	0	2	1	5	2	2	3	4	4	5	5	5
	0	5	1	2	2	4	3	1	4	7	5	4
	0	4	1	2	2	7	3	8	4	1	5	3
	0	9	1	3	2	8	3	1	4	3	5	6
	0	5	1	6	2	4	3	3	4	5	5	3
	0	9	1	2	2	5	3	1	4	1	5	6
	0	5	1	5	2	1	3	3	4	9	5	4
	0	2	1	7	2	3	3	8	4	5	5	7
	0	5	1	7	2	9	3	5	4	4	5	4
	0	6	1	2	2	5	3	7	4	2	5	8
	0	5	1	8	2	4	3	9	4	9	5	8
	0	8	1	8	2	7	3	2	4	2	5	9
	0	4	1	1	2	2	3	8	4	4	5	6
