16	6	1
6
	0	88	1	8	2	20	3	56	4	51	5	3
	0	10	1	94	2	41	3	46	4	67	5	87
	0	98	1	96	2	75	3	15	4	85	5	49
	0	100	1	9	2	16	3	42	4	89	5	62
	0	17	1	79	2	87	3	71	4	7	5	81
	0	84	1	97	2	9	3	66	4	84	5	56
	0	78	1	47	2	3	3	35	4	61	5	62
	0	86	1	27	2	83	3	22	4	55	5	1
	0	49	1	90	2	77	3	83	4	82	5	81
	0	62	1	77	2	76	3	91	4	81	5	2
	0	83	1	45	2	11	3	54	4	20	5	78
	0	9	1	99	2	99	3	31	4	3	5	81
	0	88	1	84	2	13	3	68	4	92	5	1
	0	1	1	12	2	62	3	12	4	35	5	39
	0	26	1	11	2	86	3	62	4	49	5	85
	0	52	1	22	2	17	3	64	4	100	5	52
Resources
1
R0
30
	0	4	1	9	2	4	3	6	4	8	5	6
	0	9	1	6	2	4	3	6	4	9	5	8
	0	9	1	4	2	1	3	7	4	4	5	7
	0	2	1	5	2	2	3	4	4	5	5	5
	0	5	1	2	2	4	3	1	4	7	5	4
	0	4	1	2	2	7	3	8	4	1	5	3
	0	9	1	3	2	8	3	1	4	3	5	6
	0	5	1	6	2	4	3	3	4	5	5	3
	0	9	1	2	2	5	3	1	4	1	5	6
	0	5	1	5	2	1	3	3	4	9	5	4
	0	2	1	7	2	3	3	8	4	5	5	7
	0	5	1	7	2	9	3	5	4	4	5	4
	0	6	1	2	2	5	3	7	4	2	5	8
	0	5	1	8	2	4	3	9	4	9	5	8
	0	8	1	8	2	7	3	2	4	2	5	9
	0	4	1	1	2	2	3	8	4	4	5	6
