16	6	1
6
	0	108	1	94	2	95	3	104	4	101	5	94
	0	49	1	52	2	67	3	53	4	49	5	49
	0	77	1	86	2	73	3	71	4	79	5	79
	0	80	1	64	2	73	3	81	4	66	5	83
	0	42	1	40	2	45	3	39	4	46	5	39
	0	52	1	57	2	49	3	56	4	56	5	63
	0	48	1	66	2	51	3	62	4	52	5	60
	0	48	1	58	2	65	3	48	4	59	5	49
	0	69	1	74	2	73	3	81	4	79	5	75
	0	8	1	24	2	24	3	22	4	22	5	12
	0	40	1	40	2	41	3	39	4	43	5	42
	0	116	1	113	2	106	3	111	4	104	5	106
	0	67	1	56	2	58	3	72	4	68	5	69
	0	57	1	59	2	47	3	49	4	61	5	44
	0	84	1	89	2	78	3	79	4	74	5	90
	0	99	1	99	2	108	3	113	4	98	5	109
Resources
1
R0
30
	0	8	1	9	2	9	3	5	4	9	5	7
	0	5	1	4	2	9	3	3	4	3	5	5
	0	9	1	9	2	9	3	5	4	8	5	3
	0	4	1	7	2	7	3	9	4	8	5	9
	0	6	1	1	2	7	3	5	4	5	5	1
	0	1	1	6	2	3	3	7	4	4	5	7
	0	1	1	7	2	3	3	8	4	2	5	4
	0	6	1	8	2	7	3	2	4	3	5	5
	0	8	1	8	2	5	3	7	4	9	5	3
	0	1	1	3	2	1	3	5	4	1	5	2
	0	1	1	3	2	4	3	2	4	5	5	5
	0	9	1	9	2	7	3	9	4	9	5	6
	0	5	1	5	2	3	3	8	4	9	5	4
	0	8	1	8	2	1	3	2	4	6	5	1
	0	5	1	9	2	6	3	9	4	4	5	6
	0	9	1	5	2	8	3	7	4	6	5	8
