16	6	1
6
	0	134	1	105	2	112	3	196	4	128	5	105
	0	196	1	130	2	200	3	192	4	164	5	168
	0	190	1	142	2	168	3	111	4	114	5	122
	0	195	1	158	2	121	3	191	4	145	5	159
	0	183	1	137	2	137	3	121	4	110	5	134
	0	127	1	126	2	192	3	126	4	169	5	175
	0	156	1	133	2	182	3	158	4	160	5	184
	0	162	1	151	2	109	3	175	4	199	5	136
	0	190	1	152	2	135	3	145	4	135	5	121
	0	137	1	132	2	115	3	178	4	101	5	168
	0	152	1	165	2	177	3	159	4	155	5	158
	0	119	1	194	2	188	3	171	4	167	5	113
	0	158	1	190	2	143	3	109	4	129	5	132
	0	180	1	137	2	159	3	125	4	172	5	168
	0	168	1	119	2	154	3	156	4	123	5	115
	0	200	1	135	2	157	3	128	4	151	5	138
Resources
1
R0
30
	0	1	1	2	2	3	3	8	4	3	5	1
	0	6	1	2	2	9	3	9	4	3	5	6
	0	9	1	3	2	8	3	2	4	1	5	1
	0	6	1	4	2	2	3	9	4	5	5	7
	0	9	1	2	2	3	3	1	4	1	5	3
	0	1	1	1	2	6	3	1	4	5	5	4
	0	8	1	3	2	8	3	8	4	8	5	5
	0	7	1	2	2	3	3	9	4	7	5	3
	0	9	1	6	2	4	3	7	4	1	5	4
	0	6	1	1	2	4	3	8	4	1	5	9
	0	6	1	4	2	9	3	3	4	6	5	7
	0	4	1	9	2	9	3	9	4	7	5	3
	0	6	1	9	2	2	3	1	4	4	5	1
	0	8	1	1	2	3	3	4	4	9	5	7
	0	8	1	3	2	8	3	5	4	6	5	3
	0	9	1	5	2	5	3	5	4	6	5	5
