16	6	1
6
	0	100	1	108	2	91	3	102	4	99	5	90
	0	34	1	43	2	27	3	34	4	43	5	39
	0	69	1	59	2	66	3	70	4	60	5	67
	0	60	1	59	2	61	3	65	4	59	5	58
	0	74	1	66	2	65	3	68	4	66	5	66
	0	29	1	14	2	24	3	21	4	28	5	14
	0	90	1	90	2	100	3	92	4	91	5	94
	0	74	1	84	2	70	3	72	4	73	5	67
	0	91	1	90	2	81	3	86	4	87	5	88
	0	102	1	92	2	103	3	107	4	92	5	92
	0	46	1	39	2	46	3	41	4	51	5	37
	0	13	1	21	2	17	3	15	4	19	5	16
	0	71	1	88	2	73	3	72	4	84	5	76
	0	52	1	54	2	39	3	50	4	43	5	39
	0	20	1	25	2	17	3	30	4	21	5	24
	0	68	1	60	2	66	3	75	4	64	5	63
Resources
1
R0
30
	0	9	1	9	2	4	3	5	4	5	5	5
	0	3	1	3	2	1	3	4	4	2	5	1
	0	9	1	7	2	8	3	9	4	7	5	3
	0	8	1	4	2	8	3	3	4	8	5	2
	0	7	1	2	2	5	3	8	4	5	5	8
	0	1	1	1	2	3	3	3	4	6	5	4
	0	8	1	5	2	8	3	8	4	9	5	9
	0	4	1	7	2	7	3	7	4	9	5	9
	0	6	1	7	2	4	3	9	4	9	5	6
	0	7	1	9	2	9	3	6	4	4	5	9
	0	3	1	4	2	2	3	6	4	2	5	2
	0	1	1	3	2	1	3	4	4	2	5	2
	0	5	1	9	2	5	3	3	4	6	5	9
	0	7	1	8	2	5	3	5	4	2	5	6
	0	2	1	1	2	5	3	5	4	5	5	4
	0	4	1	5	2	2	3	7	4	6	5	2
