16	6	1
6
	0	85	1	91	2	82	3	79	4	76	5	82
	0	38	1	42	2	51	3	52	4	37	5	35
	0	53	1	49	2	65	3	56	4	54	5	54
	0	106	1	119	2	111	3	118	4	113	5	110
	0	70	1	65	2	70	3	63	4	62	5	56
	0	68	1	50	2	50	3	58	4	66	5	68
	0	9	1	4	2	11	3	15	4	13	5	4
	0	86	1	80	2	87	3	74	4	77	5	85
	0	74	1	75	2	63	3	61	4	60	5	64
	0	110	1	97	2	99	3	110	4	99	5	107
	0	28	1	31	2	40	3	26	4	36	5	36
	0	33	1	43	2	33	3	37	4	28	5	37
	0	68	1	53	2	55	3	66	4	59	5	68
	0	55	1	65	2	70	3	58	4	58	5	68
	0	6	1	19	2	21	3	20	4	13	5	12
	0	20	1	23	2	23	3	34	4	35	5	18
Resources
1
R0
30
	0	8	1	5	2	8	3	3	4	8	5	8
	0	1	1	3	2	3	3	5	4	2	5	3
	0	2	1	4	2	3	3	2	4	3	5	8
	0	6	1	7	2	9	3	9	4	9	5	9
	0	4	1	4	2	6	3	3	4	6	5	7
	0	6	1	5	2	1	3	4	4	7	5	9
	0	1	1	2	2	3	3	3	4	1	5	1
	0	4	1	5	2	8	3	4	4	8	5	4
	0	4	1	7	2	3	3	3	4	3	5	4
	0	6	1	5	2	6	3	7	4	9	5	7
	0	4	1	6	2	1	3	1	4	1	5	5
	0	1	1	2	2	1	3	1	4	5	5	3
	0	3	1	6	2	6	3	5	4	2	5	9
	0	5	1	6	2	6	3	6	4	8	5	7
	0	2	1	1	2	3	3	1	4	2	5	2
	0	4	1	2	2	1	3	4	4	1	5	5
