16	6	1
6
	0	67	1	24	2	67	3	99	4	61	5	57
	0	70	1	33	2	75	3	97	4	73	5	40
	0	55	1	33	2	69	3	96	4	70	5	54
	0	60	1	20	2	68	3	98	4	67	5	54
	0	72	1	18	2	71	3	98	4	65	5	45
	0	72	1	22	2	62	3	110	4	78	5	39
	0	61	1	19	2	58	3	95	4	76	5	56
	0	69	1	28	2	56	3	100	4	75	5	39
	0	74	1	31	2	60	3	109	4	65	5	43
	0	64	1	34	2	59	3	99	4	65	5	55
	0	55	1	36	2	62	3	93	4	74	5	47
	0	66	1	29	2	64	3	99	4	65	5	55
	0	66	1	25	2	63	3	98	4	75	5	54
	0	61	1	29	2	58	3	98	4	69	5	44
	0	73	1	22	2	63	3	97	4	72	5	42
	0	68	1	36	2	74	3	103	4	69	5	51
Resources
1
R0
30
	0	6	1	1	2	6	3	7	4	8	5	2
	0	7	1	6	2	5	3	9	4	8	5	1
	0	7	1	1	2	4	3	9	4	7	5	4
	0	3	1	1	2	4	3	5	4	4	5	3
	0	5	1	5	2	4	3	9	4	2	5	1
	0	3	1	1	2	4	3	9	4	5	5	4
	0	2	1	1	2	7	3	9	4	3	5	8
	0	5	1	6	2	7	3	9	4	7	5	2
	0	7	1	5	2	3	3	7	4	6	5	5
	0	2	1	2	2	7	3	6	4	5	5	5
	0	2	1	1	2	3	3	8	4	9	5	2
	0	5	1	6	2	3	3	9	4	4	5	3
	0	7	1	2	2	5	3	9	4	5	5	3
	0	8	1	2	2	5	3	7	4	5	5	6
	0	6	1	1	2	4	3	9	4	9	5	5
	0	7	1	4	2	6	3	9	4	8	5	7
