16	6	1
6
	0	11	1	93	2	15	3	32	4	38	5	90
	0	87	1	15	2	57	3	61	4	21	5	61
	0	39	1	54	2	65	3	64	4	100	5	46
	0	42	1	16	2	68	3	55	4	23	5	77
	0	81	1	86	2	16	3	41	4	14	5	17
	0	55	1	90	2	30	3	47	4	24	5	30
	0	58	1	80	2	59	3	94	4	18	5	36
	0	61	1	39	2	80	3	10	4	51	5	83
	0	20	1	83	2	87	3	54	4	70	5	66
	0	33	1	97	2	51	3	92	4	68	5	44
	0	82	1	39	2	38	3	85	4	34	5	73
	0	20	1	89	2	99	3	30	4	81	5	46
	0	21	1	93	2	61	3	70	4	73	5	39
	0	25	1	69	2	61	3	51	4	87	5	70
	0	71	1	11	2	84	3	18	4	64	5	85
	0	91	1	62	2	37	3	61	4	45	5	31
Resources
1
R0
30
	0	2	1	7	2	2	3	4	4	2	5	6
	0	4	1	2	2	6	3	4	4	4	5	7
	0	6	1	8	2	5	3	8	4	4	5	3
	0	6	1	7	2	2	3	1	4	6	5	8
	0	3	1	5	2	2	3	1	4	1	5	2
	0	5	1	7	2	9	3	3	4	7	5	8
	0	7	1	5	2	1	3	7	4	6	5	5
	0	4	1	7	2	2	3	9	4	4	5	9
	0	6	1	2	2	5	3	8	4	8	5	3
	0	4	1	8	2	4	3	8	4	6	5	1
	0	7	1	6	2	4	3	1	4	6	5	4
	0	9	1	4	2	1	3	1	4	6	5	9
	0	2	1	3	2	7	3	8	4	7	5	1
	0	4	1	6	2	3	3	9	4	6	5	3
	0	9	1	8	2	9	3	6	4	2	5	7
	0	6	1	7	2	6	3	3	4	9	5	8
