16	6	1
6
	0	35	1	6	2	13	3	96	4	29	5	6
	0	96	1	31	2	100	3	92	4	64	5	68
	0	90	1	43	2	68	3	12	4	15	5	23
	0	95	1	58	2	22	3	91	4	46	5	59
	0	84	1	37	2	37	3	21	4	11	5	35
	0	28	1	27	2	93	3	27	4	69	5	75
	0	56	1	34	2	83	3	58	4	61	5	84
	0	62	1	51	2	10	3	75	4	99	5	36
	0	90	1	53	2	35	3	46	4	35	5	22
	0	38	1	33	2	16	3	78	4	2	5	69
	0	52	1	65	2	77	3	59	4	55	5	58
	0	20	1	94	2	88	3	71	4	68	5	14
	0	59	1	90	2	43	3	10	4	29	5	32
	0	80	1	37	2	60	3	26	4	72	5	68
	0	69	1	20	2	54	3	57	4	24	5	16
	0	100	1	36	2	57	3	29	4	52	5	39
Resources
1
R0
30
	0	1	1	2	2	3	3	8	4	3	5	1
	0	6	1	2	2	9	3	9	4	3	5	6
	0	9	1	3	2	8	3	2	4	1	5	1
	0	6	1	4	2	2	3	9	4	5	5	7
	0	9	1	2	2	3	3	1	4	1	5	3
	0	1	1	1	2	6	3	1	4	5	5	4
	0	8	1	3	2	8	3	8	4	8	5	5
	0	7	1	2	2	3	3	9	4	6	5	3
	0	9	1	6	2	4	3	7	4	1	5	4
	0	6	1	1	2	4	3	8	4	1	5	9
	0	6	1	4	2	9	3	3	4	5	5	7
	0	4	1	9	2	9	3	9	4	7	5	3
	0	6	1	9	2	2	3	1	4	4	5	1
	0	8	1	1	2	3	3	4	4	9	5	7
	0	8	1	3	2	8	3	5	4	6	5	3
	0	9	1	5	2	5	3	5	4	6	5	5
