16	6	1
6
	0	41	1	15	2	21	3	97	4	35	5	14
	0	97	1	37	2	100	3	93	4	68	5	71
	0	91	1	48	2	71	3	20	4	23	5	30
	0	96	1	62	2	29	3	92	4	51	5	63
	0	85	1	43	2	43	3	29	4	19	5	41
	0	34	1	33	2	93	3	34	4	72	5	77
	0	60	1	40	2	84	3	62	4	64	5	86
	0	66	1	56	2	18	3	77	4	99	5	42
	0	91	1	57	2	41	3	51	4	41	5	29
	0	43	1	39	2	23	3	80	4	10	5	71
	0	57	1	68	2	79	3	63	4	59	5	62
	0	27	1	94	2	90	3	74	4	71	5	22
	0	63	1	91	2	48	3	18	4	36	5	39
	0	82	1	43	2	63	3	33	4	75	5	71
	0	72	1	27	2	58	3	61	4	31	5	24
	0	100	1	42	2	61	3	35	4	56	5	44
Resources
1
R0
30
	0	1	1	2	2	3	3	8	4	3	5	1
	0	6	1	2	2	9	3	9	4	3	5	6
	0	9	1	3	2	8	3	2	4	1	5	1
	0	6	1	4	2	2	3	9	4	5	5	7
	0	9	1	2	2	3	3	1	4	1	5	3
	0	1	1	1	2	6	3	1	4	5	5	4
	0	8	1	3	2	8	3	8	4	8	5	5
	0	7	1	2	2	3	3	9	4	6	5	3
	0	9	1	6	2	4	3	7	4	1	5	4
	0	6	1	1	2	4	3	8	4	1	5	9
	0	6	1	4	2	9	3	3	4	5	5	7
	0	4	1	9	2	9	3	9	4	7	5	3
	0	6	1	9	2	2	3	1	4	4	5	1
	0	8	1	1	2	3	3	4	4	9	5	7
	0	8	1	3	2	8	3	5	4	6	5	3
	0	9	1	5	2	5	3	5	4	6	5	5
