8	6	1
6
	0	177	1	190	2	118	3	150	4	144	5	163
	0	100	1	121	2	101	3	102	4	164	5	102
	0	162	1	132	2	173	3	112	4	155	5	113
	0	169	1	125	2	134	3	145	4	191	5	135
	0	100	1	180	2	109	3	136	4	155	5	173
	0	193	1	129	2	173	3	148	4	196	5	157
	0	111	1	200	2	172	3	159	4	127	5	104
	0	118	1	159	2	137	3	175	4	133	5	166
Resources
1
R0
30
	0	9	1	7	2	1	3	3	4	6	5	7
	0	1	1	1	2	1	3	1	4	7	5	1
	0	7	1	6	2	7	3	3	4	8	5	5
	0	6	1	6	2	1	3	8	4	9	5	5
	0	2	1	9	2	1	3	2	4	9	5	9
	0	6	1	5	2	8	3	4	4	9	5	4
	0	3	1	9	2	9	3	8	4	6	5	1
	0	4	1	4	2	4	3	8	4	3	5	5
