8	6	1
6
	0	142	1	172	2	158	3	192	4	163	5	198
	0	141	1	191	2	147	3	130	4	113	5	182
	0	168	1	102	2	112	3	161	4	124	5	181
	0	170	1	140	2	158	3	187	4	150	5	132
	0	115	1	144	2	114	3	156	4	117	5	146
	0	112	1	173	2	161	3	155	4	192	5	143
	0	150	1	117	2	142	3	106	4	143	5	113
	0	155	1	193	2	131	3	124	4	114	5	155
Resources
1
R0
30
	0	4	1	3	2	2	3	3	4	6	5	3
	0	9	1	9	2	8	3	8	4	8	5	3
	0	9	1	9	2	6	3	1	4	7	5	7
	0	5	1	4	2	3	3	9	4	8	5	1
	0	9	1	4	2	9	3	4	4	1	5	3
	0	9	1	4	2	1	3	6	4	5	5	6
	0	2	1	1	2	6	3	8	4	1	5	7
	0	7	1	1	2	1	3	4	4	2	5	2
