8	6	1
6
	0	153	1	174	2	115	3	122	4	177	5	186
	0	160	1	173	2	198	3	130	4	131	5	173
	0	186	1	129	2	170	3	179	4	124	5	163
	0	138	1	188	2	182	3	163	4	150	5	137
	0	101	1	123	2	132	3	130	4	131	5	138
	0	104	1	189	2	159	3	170	4	187	5	129
	0	191	1	135	2	137	3	168	4	140	5	120
	0	101	1	138	2	155	3	119	4	104	5	155
Resources
1
R0
30
	0	5	1	9	2	2	3	5	4	5	5	9
	0	7	1	5	2	7	3	6	4	2	5	9
	0	9	1	1	2	6	3	5	4	2	5	8
	0	4	1	9	2	9	3	4	4	2	5	1
	0	4	1	1	2	5	3	1	4	2	5	1
	0	2	1	9	2	6	3	8	4	6	5	3
	0	7	1	7	2	5	3	4	4	7	5	1
	0	2	1	3	2	9	3	5	4	1	5	8
