8	6	1
6
	0	151	1	167	2	134	3	112	4	180	5	137
	0	177	1	139	2	155	3	169	4	132	5	146
	0	136	1	143	2	188	3	180	4	167	5	183
	0	199	1	174	2	127	3	102	4	160	5	156
	0	112	1	174	2	186	3	184	4	134	5	121
	0	132	1	200	2	143	3	146	4	130	5	116
	0	185	1	167	2	152	3	122	4	176	5	194
	0	101	1	115	2	102	3	120	4	124	5	161
Resources
1
R0
30
	0	5	1	5	2	5	3	7	4	5	5	3
	0	6	1	3	2	7	3	3	4	6	5	8
	0	1	1	5	2	3	3	6	4	8	5	1
	0	1	1	1	2	6	3	1	4	1	5	9
	0	7	1	2	2	8	3	7	4	3	5	5
	0	4	1	4	2	6	3	6	4	7	5	9
	0	5	1	6	2	5	3	4	4	4	5	2
	0	9	1	6	2	8	3	7	4	6	5	4
