8	6	1
6
	0	123	1	122	2	164	3	193	4	139	5	116
	0	183	1	160	2	189	3	139	4	124	5	132
	0	113	1	175	2	118	3	172	4	152	5	109
	0	187	1	173	2	157	3	192	4	167	5	177
	0	135	1	112	2	166	3	120	4	106	5	115
	0	134	1	106	2	197	3	128	4	172	5	196
	0	152	1	120	2	148	3	131	4	175	5	187
	0	161	1	181	2	193	3	157	4	105	5	109
Resources
1
R0
30
	0	4	1	3	2	8	3	7	4	8	5	1
	0	2	1	4	2	5	3	2	4	4	5	4
	0	1	1	2	2	8	3	1	4	1	5	6
	0	1	1	4	2	6	3	7	4	1	5	5
	0	5	1	9	2	4	3	3	4	8	5	3
	0	6	1	6	2	1	3	5	4	6	5	6
	0	7	1	6	2	5	3	2	4	5	5	3
	0	5	1	5	2	3	3	5	4	4	5	5
