8	6	1
6
	0	107	1	178	2	135	3	183	4	120	5	131
	0	121	1	200	2	167	3	130	4	140	5	132
	0	129	1	182	2	190	3	188	4	174	5	146
	0	129	1	199	2	177	3	149	4	110	5	114
	0	178	1	128	2	146	3	101	4	154	5	109
	0	199	1	182	2	124	3	194	4	193	5	188
	0	172	1	183	2	155	3	144	4	101	5	121
	0	178	1	179	2	111	3	173	4	109	5	155
Resources
1
R0
30
	0	4	1	5	2	5	3	6	4	4	5	1
	0	4	1	8	2	6	3	1	4	3	5	3
	0	2	1	9	2	6	3	9	4	7	5	8
	0	1	1	8	2	9	3	8	4	1	5	1
	0	5	1	1	2	5	3	1	4	7	5	1
	0	9	1	7	2	5	3	9	4	8	5	9
	0	4	1	7	2	7	3	7	4	3	5	4
	0	9	1	9	2	1	3	7	4	1	5	4
