8	6	1
6
	0	183	1	198	2	161	3	193	4	101	5	157
	0	162	1	175	2	118	3	135	4	169	5	157
	0	191	1	189	2	115	3	116	4	138	5	196
	0	178	1	106	2	158	3	190	4	158	5	104
	0	176	1	128	2	190	3	189	4	111	5	181
	0	174	1	139	2	179	3	141	4	132	5	169
	0	100	1	169	2	196	3	169	4	159	5	150
	0	107	1	187	2	162	3	191	4	160	5	132
Resources
1
R0
30
	0	4	1	3	2	5	3	9	4	7	5	7
	0	6	1	2	2	2	3	5	4	6	5	4
	0	9	1	5	2	7	3	1	4	8	5	7
	0	8	1	4	2	4	3	8	4	5	5	3
	0	3	1	2	2	2	3	4	4	9	5	3
	0	3	1	1	2	1	3	1	4	1	5	6
	0	9	1	4	2	1	3	1	4	8	5	5
	0	6	1	3	2	7	3	9	4	7	5	8
