8	6	1
6
	0	193	1	184	2	126	3	116	4	182	5	198
	0	161	1	110	2	134	3	166	4	102	5	168
	0	145	1	107	2	182	3	150	4	164	5	180
	0	200	1	112	2	156	3	197	4	100	5	175
	0	190	1	154	2	178	3	119	4	154	5	192
	0	196	1	105	2	199	3	171	4	144	5	122
	0	192	1	191	2	113	3	151	4	114	5	113
	0	199	1	169	2	174	3	124	4	121	5	161
Resources
1
R0
30
	0	8	1	6	2	6	3	3	4	6	5	9
	0	6	1	2	2	2	3	4	4	1	5	7
	0	8	1	1	2	9	3	5	4	7	5	9
	0	9	1	1	2	9	3	9	4	1	5	9
	0	8	1	5	2	8	3	1	4	4	5	9
	0	6	1	2	2	9	3	5	4	8	5	1
	0	9	1	6	2	4	3	7	4	1	5	2
	0	8	1	9	2	6	3	1	4	4	5	7
