8	6	1
6
	0	196	1	108	2	141	3	120	4	172	5	194
	0	166	1	134	2	189	3	187	4	178	5	142
	0	157	1	136	2	195	3	125	4	133	5	152
	0	140	1	142	2	153	3	108	4	142	5	136
	0	188	1	176	2	155	3	182	4	127	5	163
	0	101	1	139	2	188	3	103	4	144	5	154
	0	145	1	148	2	180	3	163	4	195	5	199
	0	163	1	137	2	128	3	155	4	147	5	145
Resources
1
R0
30
	0	9	1	4	2	5	3	1	4	9	5	9
	0	9	1	6	2	6	3	8	4	6	5	5
	0	4	1	3	2	9	3	4	4	2	5	7
	0	1	1	1	2	6	3	3	4	1	5	6
	0	9	1	7	2	7	3	5	4	5	5	7
	0	3	1	6	2	9	3	1	4	6	5	2
	0	6	1	6	2	9	3	8	4	6	5	9
	0	7	1	1	2	1	3	9	4	7	5	3
