8	6	1
6
	0	110	1	141	2	131	3	111	4	142	5	178
	0	156	1	154	2	185	3	165	4	178	5	172
	0	114	1	157	2	185	3	125	4	153	5	169
	0	191	1	107	2	127	3	100	4	151	5	184
	0	153	1	190	2	110	3	151	4	140	5	188
	0	171	1	133	2	125	3	160	4	191	5	190
	0	134	1	115	2	200	3	160	4	160	5	156
	0	148	1	122	2	172	3	154	4	179	5	185
Resources
1
R0
30
	0	5	1	5	2	2	3	1	4	4	5	9
	0	9	1	1	2	4	3	6	4	9	5	8
	0	1	1	9	2	2	3	6	4	7	5	1
	0	8	1	1	2	4	3	3	4	5	5	7
	0	5	1	4	2	6	3	7	4	4	5	5
	0	1	1	8	2	6	3	2	4	2	5	9
	0	7	1	4	2	1	3	3	4	6	5	4
	0	1	1	5	2	3	3	2	4	1	5	7
