20 3 1
3
0 76 1 76 2 76
0 56 1 56 2 56
0 70 1 70 2 70
0 87 1 87 2 87
0 78 1 78 2 78
0 89 1 89 2 89
0 70 1 70 2 70
0 59 1 59 2 59
0 97 1 97 2 97
0 58 1 58 2 58
0 100 1 100 2 100
0 76 1 76 2 76
0 64 1 64 2 64
0 51 1 51 2 51
0 98 1 98 2 98
0 98 1 98 2 98
0 99 1 99 2 99
0 61 1 61 2 61
0 93 1 93 2 93
0 59 1 59 2 59
Resources
1
R0
31
0 1 1 1 2 1
0 3 1 3 2 3
0 3 1 3 2 3
0 4 1 4 2 4
0 6 1 6 2 6
0 6 1 6 2 6
0 8 1 8 2 8
0 9 1 9 2 9
0 9 1 9 2 9
0 10 1 10 2 10
0 11 1 11 2 11
0 11 1 11 2 11
0 12 1 12 2 12
0 13 1 13 2 13
0 15 1 15 2 15
0 15 1 15 2 15
0 16 1 16 2 16
0 16 1 16 2 16
0 17 1 17 2 17
0 17 1 17 2 17
