20 3 1
3
0 63 1 63 2 63
0 64 1 64 2 64
0 62 1 62 2 62
0 81 1 81 2 81
0 86 1 86 2 86
0 73 1 73 2 73
0 77 1 77 2 77
0 92 1 92 2 92
0 64 1 64 2 64
0 52 1 52 2 52
0 88 1 88 2 88
0 70 1 70 2 70
0 91 1 91 2 91
0 89 1 89 2 89
0 94 1 94 2 94
0 93 1 93 2 93
0 87 1 87 2 87
0 87 1 87 2 87
0 53 1 53 2 53
0 84 1 84 2 84
Resources
1
R0
40
0 1 1 1 2 1
0 2 1 2 2 2
0 3 1 3 2 3
0 3 1 3 2 3
0 4 1 4 2 4
0 6 1 6 2 6
0 6 1 6 2 6
0 6 1 6 2 6
0 7 1 7 2 7
0 7 1 7 2 7
0 9 1 9 2 9
0 10 1 10 2 10
0 12 1 12 2 12
0 13 1 13 2 13
0 15 1 15 2 15
0 15 1 15 2 15
0 16 1 16 2 16
0 16 1 16 2 16
0 18 1 18 2 18
0 18 1 18 2 18
