20 3 1
3
0 88 1 88 2 88
0 59 1 59 2 59
0 66 1 66 2 66
0 69 1 69 2 69
0 57 1 57 2 57
0 69 1 69 2 69
0 94 1 94 2 94
0 95 1 95 2 95
0 94 1 94 2 94
0 87 1 87 2 87
0 71 1 71 2 71
0 87 1 87 2 87
0 60 1 60 2 60
0 83 1 83 2 83
0 93 1 93 2 93
0 99 1 99 2 99
0 95 1 95 2 95
0 91 1 91 2 91
0 90 1 90 2 90
0 58 1 58 2 58
Resources
1
R0
40
0 1 1 1 2 1
0 1 1 1 2 1
0 2 1 2 2 2
0 4 1 4 2 4
0 4 1 4 2 4
0 6 1 6 2 6
0 7 1 7 2 7
0 7 1 7 2 7
0 7 1 7 2 7
0 8 1 8 2 8
0 9 1 9 2 9
0 9 1 9 2 9
0 12 1 12 2 12
0 12 1 12 2 12
0 15 1 15 2 15
0 16 1 16 2 16
0 16 1 16 2 16
0 17 1 17 2 17
0 17 1 17 2 17
0 18 1 18 2 18
