20 3 1
3
0 86 1 86 2 86
0 94 1 94 2 94
0 52 1 52 2 52
0 79 1 79 2 79
0 88 1 88 2 88
0 69 1 69 2 69
0 83 1 83 2 83
0 59 1 59 2 59
0 75 1 75 2 75
0 53 1 53 2 53
0 88 1 88 2 88
0 99 1 99 2 99
0 64 1 64 2 64
0 60 1 60 2 60
0 56 1 56 2 56
0 52 1 52 2 52
0 65 1 65 2 65
0 65 1 65 2 65
0 51 1 51 2 51
0 94 1 94 2 94
Resources
1
R0
33
0 1 1 1 2 1
0 2 1 2 2 2
0 3 1 3 2 3
0 4 1 4 2 4
0 6 1 6 2 6
0 6 1 6 2 6
0 7 1 7 2 7
0 7 1 7 2 7
0 8 1 8 2 8
0 9 1 9 2 9
0 9 1 9 2 9
0 11 1 11 2 11
0 13 1 13 2 13
0 13 1 13 2 13
0 14 1 14 2 14
0 15 1 15 2 15
0 15 1 15 2 15
0 16 1 16 2 16
0 18 1 18 2 18
0 18 1 18 2 18
