20 3 1
3
0 95 1 95 2 95
0 58 1 58 2 58
0 98 1 98 2 98
0 84 1 84 2 84
0 70 1 70 2 70
0 61 1 61 2 61
0 71 1 71 2 71
0 80 1 80 2 80
0 65 1 65 2 65
0 64 1 64 2 64
0 64 1 64 2 64
0 53 1 53 2 53
0 76 1 76 2 76
0 99 1 99 2 99
0 50 1 50 2 50
0 93 1 93 2 93
0 89 1 89 2 89
0 81 1 81 2 81
0 95 1 95 2 95
0 65 1 65 2 65
Resources
1
R0
40
0 1 1 1 2 1
0 2 1 2 2 2
0 4 1 4 2 4
0 4 1 4 2 4
0 4 1 4 2 4
0 8 1 8 2 8
0 8 1 8 2 8
0 8 1 8 2 8
0 8 1 8 2 8
0 9 1 9 2 9
0 11 1 11 2 11
0 11 1 11 2 11
0 13 1 13 2 13
0 13 1 13 2 13
0 14 1 14 2 14
0 14 1 14 2 14
0 15 1 15 2 15
0 16 1 16 2 16
0 18 1 18 2 18
0 18 1 18 2 18
