20 3 1
3
0 85 1 85 2 85
0 85 1 85 2 85
0 91 1 91 2 91
0 50 1 50 2 50
0 78 1 78 2 78
0 50 1 50 2 50
0 63 1 63 2 63
0 89 1 89 2 89
0 59 1 59 2 59
0 98 1 98 2 98
0 61 1 61 2 61
0 71 1 71 2 71
0 60 1 60 2 60
0 74 1 74 2 74
0 93 1 93 2 93
0 91 1 91 2 91
0 58 1 58 2 58
0 88 1 88 2 88
0 65 1 65 2 65
0 67 1 67 2 67
Resources
1
R0
31
0 1 1 1 2 1
0 1 1 1 2 1
0 2 1 2 2 2
0 3 1 3 2 3
0 3 1 3 2 3
0 3 1 3 2 3
0 5 1 5 2 5
0 7 1 7 2 7
0 8 1 8 2 8
0 8 1 8 2 8
0 9 1 9 2 9
0 12 1 12 2 12
0 13 1 13 2 13
0 14 1 14 2 14
0 15 1 15 2 15
0 15 1 15 2 15
0 16 1 16 2 16
0 16 1 16 2 16
0 16 1 16 2 16
0 17 1 17 2 17
