20 3 1
3
0 64 1 64 2 64
0 96 1 96 2 96
0 90 1 90 2 90
0 94 1 94 2 94
0 77 1 77 2 77
0 99 1 99 2 99
0 59 1 59 2 59
0 76 1 76 2 76
0 59 1 59 2 59
0 88 1 88 2 88
0 89 1 89 2 89
0 87 1 87 2 87
0 59 1 59 2 59
0 64 1 64 2 64
0 65 1 65 2 65
0 74 1 74 2 74
0 63 1 63 2 63
0 75 1 75 2 75
0 63 1 63 2 63
0 78 1 78 2 78
Resources
1
R0
36
0 1 1 1 2 1
0 1 1 1 2 1
0 2 1 2 2 2
0 2 1 2 2 2
0 4 1 4 2 4
0 4 1 4 2 4
0 5 1 5 2 5
0 6 1 6 2 6
0 7 1 7 2 7
0 8 1 8 2 8
0 11 1 11 2 11
0 12 1 12 2 12
0 12 1 12 2 12
0 12 1 12 2 12
0 13 1 13 2 13
0 13 1 13 2 13
0 14 1 14 2 14
0 15 1 15 2 15
0 16 1 16 2 16
0 16 1 16 2 16
