20 3 1
3
0 55 1 55 2 55
0 64 1 64 2 64
0 70 1 70 2 70
0 59 1 59 2 59
0 72 1 72 2 72
0 55 1 55 2 55
0 78 1 78 2 78
0 92 1 92 2 92
0 85 1 85 2 85
0 66 1 66 2 66
0 79 1 79 2 79
0 79 1 79 2 79
0 72 1 72 2 72
0 58 1 58 2 58
0 84 1 84 2 84
0 76 1 76 2 76
0 94 1 94 2 94
0 68 1 68 2 68
0 68 1 68 2 68
0 70 1 70 2 70
Resources
1
R0
31
0 1 1 1 2 1
0 2 1 2 2 2
0 3 1 3 2 3
0 4 1 4 2 4
0 4 1 4 2 4
0 5 1 5 2 5
0 5 1 5 2 5
0 5 1 5 2 5
0 6 1 6 2 6
0 7 1 7 2 7
0 8 1 8 2 8
0 8 1 8 2 8
0 10 1 10 2 10
0 11 1 11 2 11
0 12 1 12 2 12
0 12 1 12 2 12
0 13 1 13 2 13
0 14 1 14 2 14
0 17 1 17 2 17
0 18 1 18 2 18
