20 3 1
3
0 58 1 58 2 58
0 59 1 59 2 59
0 71 1 71 2 71
0 98 1 98 2 98
0 73 1 73 2 73
0 74 1 74 2 74
0 55 1 55 2 55
0 93 1 93 2 93
0 50 1 50 2 50
0 87 1 87 2 87
0 82 1 82 2 82
0 58 1 58 2 58
0 74 1 74 2 74
0 95 1 95 2 95
0 66 1 66 2 66
0 86 1 86 2 86
0 50 1 50 2 50
0 93 1 93 2 93
0 51 1 51 2 51
0 55 1 55 2 55
Resources
1
R0
33
0 1 1 1 2 1
0 2 1 2 2 2
0 2 1 2 2 2
0 2 1 2 2 2
0 4 1 4 2 4
0 5 1 5 2 5
0 10 1 10 2 10
0 11 1 11 2 11
0 12 1 12 2 12
0 13 1 13 2 13
0 13 1 13 2 13
0 14 1 14 2 14
0 15 1 15 2 15
0 15 1 15 2 15
0 15 1 15 2 15
0 17 1 17 2 17
0 17 1 17 2 17
0 17 1 17 2 17
0 18 1 18 2 18
0 18 1 18 2 18
