20 3 1
3
0 61 1 61 2 61
0 81 1 81 2 81
0 54 1 54 2 54
0 86 1 86 2 86
0 91 1 91 2 91
0 88 1 88 2 88
0 58 1 58 2 58
0 89 1 89 2 89
0 50 1 50 2 50
0 82 1 82 2 82
0 51 1 51 2 51
0 96 1 96 2 96
0 75 1 75 2 75
0 60 1 60 2 60
0 84 1 84 2 84
0 64 1 64 2 64
0 88 1 88 2 88
0 98 1 98 2 98
0 86 1 86 2 86
0 76 1 76 2 76
Resources
1
R0
37
0 1 1 1 2 1
0 1 1 1 2 1
0 3 1 3 2 3
0 3 1 3 2 3
0 4 1 4 2 4
0 5 1 5 2 5
0 5 1 5 2 5
0 6 1 6 2 6
0 7 1 7 2 7
0 8 1 8 2 8
0 9 1 9 2 9
0 10 1 10 2 10
0 11 1 11 2 11
0 13 1 13 2 13
0 13 1 13 2 13
0 14 1 14 2 14
0 15 1 15 2 15
0 15 1 15 2 15
0 16 1 16 2 16
0 17 1 17 2 17
