20 3 1
3
0 63 1 63 2 63
0 75 1 75 2 75
0 53 1 53 2 53
0 77 1 77 2 77
0 97 1 97 2 97
0 89 1 89 2 89
0 99 1 99 2 99
0 90 1 90 2 90
0 60 1 60 2 60
0 53 1 53 2 53
0 69 1 69 2 69
0 86 1 86 2 86
0 75 1 75 2 75
0 53 1 53 2 53
0 64 1 64 2 64
0 96 1 96 2 96
0 51 1 51 2 51
0 84 1 84 2 84
0 73 1 73 2 73
0 72 1 72 2 72
Resources
1
R0
40
0 1 1 1 2 1
0 2 1 2 2 2
0 5 1 5 2 5
0 5 1 5 2 5
0 5 1 5 2 5
0 6 1 6 2 6
0 6 1 6 2 6
0 6 1 6 2 6
0 7 1 7 2 7
0 8 1 8 2 8
0 8 1 8 2 8
0 9 1 9 2 9
0 10 1 10 2 10
0 13 1 13 2 13
0 13 1 13 2 13
0 13 1 13 2 13
0 14 1 14 2 14
0 16 1 16 2 16
0 17 1 17 2 17
0 18 1 18 2 18
