25 2 1
2
0 86 1 86
0 94 1 94
0 52 1 52
0 79 1 79
0 88 1 88
0 69 1 69
0 96 1 96
0 83 1 83
0 59 1 59
0 75 1 75
0 53 1 53
0 88 1 88
0 99 1 99
0 70 1 70
0 64 1 64
0 60 1 60
0 56 1 56
0 52 1 52
0 65 1 65
0 65 1 65
0 86 1 86
0 63 1 63
0 51 1 51
0 94 1 94
0 93 1 93
Resources
1
R0
30
0 1 1 1
0 2 1 2
0 3 1 3
0 4 1 4
0 6 1 6
0 6 1 6
0 6 1 6
0 7 1 7
0 7 1 7
0 8 1 8
0 9 1 9
0 9 1 9
0 11 1 11
0 11 1 11
0 13 1 13
0 13 1 13
0 14 1 14
0 15 1 15
0 15 1 15
0 16 1 16
0 16 1 16
0 17 1 17
0 18 1 18
0 18 1 18
0 18 1 18
