25 2 1
2
0 89 1 89
0 72 1 72
0 98 1 98
0 61 1 61
0 77 1 77
0 99 1 99
0 69 1 69
0 94 1 94
0 58 1 58
0 58 1 58
0 94 1 94
0 86 1 86
0 85 1 85
0 60 1 60
0 100 1 100
0 72 1 72
0 50 1 50
0 52 1 52
0 50 1 50
0 80 1 80
0 98 1 98
0 99 1 99
0 99 1 99
0 62 1 62
0 90 1 90
Resources
1
R0
29
0 1 1 1
0 1 1 1
0 1 1 1
0 3 1 3
0 4 1 4
0 5 1 5
0 5 1 5
0 7 1 7
0 8 1 8
0 8 1 8
0 9 1 9
0 11 1 11
0 11 1 11
0 11 1 11
0 11 1 11
0 12 1 12
0 12 1 12
0 12 1 12
0 13 1 13
0 15 1 15
0 15 1 15
0 16 1 16
0 17 1 17
0 17 1 17
0 18 1 18
