25 2 1
2
0 54 1 54
0 91 1 91
0 77 1 77
0 84 1 84
0 81 1 81
0 69 1 69
0 57 1 57
0 55 1 55
0 54 1 54
0 88 1 88
0 77 1 77
0 78 1 78
0 85 1 85
0 82 1 82
0 75 1 75
0 98 1 98
0 89 1 89
0 69 1 69
0 62 1 62
0 66 1 66
0 61 1 61
0 81 1 81
0 61 1 61
0 57 1 57
0 100 1 100
Resources
1
R0
25
0 1 1 1
0 1 1 1
0 1 1 1
0 3 1 3
0 3 1 3
0 4 1 4
0 5 1 5
0 5 1 5
0 8 1 8
0 8 1 8
0 9 1 9
0 10 1 10
0 10 1 10
0 11 1 11
0 11 1 11
0 11 1 11
0 11 1 11
0 12 1 12
0 13 1 13
0 13 1 13
0 13 1 13
0 13 1 13
0 16 1 16
0 16 1 16
0 18 1 18
