25 2 1
2
0 85 1 85
0 66 1 66
0 56 1 56
0 62 1 62
0 98 1 98
0 100 1 100
0 92 1 92
0 84 1 84
0 99 1 99
0 86 1 86
0 100 1 100
0 84 1 84
0 95 1 95
0 68 1 68
0 78 1 78
0 82 1 82
0 69 1 69
0 65 1 65
0 66 1 66
0 68 1 68
0 77 1 77
0 87 1 87
0 95 1 95
0 61 1 61
0 77 1 77
Resources
1
R0
26
0 1 1 1
0 1 1 1
0 5 1 5
0 5 1 5
0 6 1 6
0 6 1 6
0 7 1 7
0 7 1 7
0 7 1 7
0 8 1 8
0 9 1 9
0 9 1 9
0 9 1 9
0 10 1 10
0 10 1 10
0 10 1 10
0 11 1 11
0 11 1 11
0 12 1 12
0 12 1 12
0 14 1 14
0 15 1 15
0 17 1 17
0 18 1 18
0 18 1 18
