25 2 1
2
0 76 1 76
0 56 1 56
0 70 1 70
0 87 1 87
0 92 1 92
0 78 1 78
0 89 1 89
0 70 1 70
0 78 1 78
0 59 1 59
0 97 1 97
0 58 1 58
0 100 1 100
0 76 1 76
0 64 1 64
0 51 1 51
0 92 1 92
0 98 1 98
0 98 1 98
0 99 1 99
0 61 1 61
0 71 1 71
0 93 1 93
0 59 1 59
0 65 1 65
Resources
1
R0
25
0 1 1 1
0 3 1 3
0 3 1 3
0 4 1 4
0 4 1 4
0 6 1 6
0 6 1 6
0 8 1 8
0 8 1 8
0 9 1 9
0 9 1 9
0 10 1 10
0 11 1 11
0 11 1 11
0 12 1 12
0 13 1 13
0 13 1 13
0 15 1 15
0 15 1 15
0 16 1 16
0 16 1 16
0 16 1 16
0 17 1 17
0 17 1 17
0 18 1 18
