25 2 1
2
0 85 1 85
0 85 1 85
0 91 1 91
0 69 1 69
0 81 1 81
0 50 1 50
0 78 1 78
0 50 1 50
0 63 1 63
0 89 1 89
0 59 1 59
0 98 1 98
0 61 1 61
0 71 1 71
0 60 1 60
0 74 1 74
0 93 1 93
0 91 1 91
0 58 1 58
0 88 1 88
0 65 1 65
0 71 1 71
0 67 1 67
0 85 1 85
0 89 1 89
Resources
1
R0
29
0 1 1 1
0 1 1 1
0 2 1 2
0 2 1 2
0 2 1 2
0 3 1 3
0 3 1 3
0 3 1 3
0 5 1 5
0 7 1 7
0 8 1 8
0 8 1 8
0 9 1 9
0 12 1 12
0 13 1 13
0 14 1 14
0 15 1 15
0 15 1 15
0 16 1 16
0 16 1 16
0 16 1 16
0 16 1 16
0 17 1 17
0 17 1 17
0 18 1 18
