25 3 1
3
0 65 1 65 2 65
0 50 1 50 2 50
0 57 1 57 2 57
0 94 1 94 2 94
0 71 1 71 2 71
0 59 1 59 2 59
0 54 1 54 2 54
0 60 1 60 2 60
0 78 1 78 2 78
0 71 1 71 2 71
0 84 1 84 2 84
0 51 1 51 2 51
0 85 1 85 2 85
0 67 1 67 2 67
0 90 1 90 2 90
0 60 1 60 2 60
0 99 1 99 2 99
0 77 1 77 2 77
0 94 1 94 2 94
0 86 1 86 2 86
0 70 1 70 2 70
0 84 1 84 2 84
0 57 1 57 2 57
0 71 1 71 2 71
0 65 1 65 2 65
Resources
1
R0
41
0 2 1 2 2 2
0 3 1 3 2 3
0 5 1 5 2 5
0 5 1 5 2 5
0 6 1 6 2 6
0 7 1 7 2 7
0 8 1 8 2 8
0 8 1 8 2 8
0 8 1 8 2 8
0 9 1 9 2 9
0 10 1 10 2 10
0 10 1 10 2 10
0 10 1 10 2 10
0 13 1 13 2 13
0 13 1 13 2 13
0 15 1 15 2 15
0 15 1 15 2 15
0 16 1 16 2 16
0 16 1 16 2 16
0 17 1 17 2 17
0 17 1 17 2 17
0 17 1 17 2 17
0 17 1 17 2 17
0 18 1 18 2 18
0 18 1 18 2 18
