25 3 1
3
0 99 1 99 2 99
0 68 1 68 2 68
0 82 1 82 2 82
0 86 1 86 2 86
0 93 1 93 2 93
0 69 1 69 2 69
0 84 1 84 2 84
0 96 1 96 2 96
0 63 1 63 2 63
0 66 1 66 2 66
0 89 1 89 2 89
0 81 1 81 2 81
0 51 1 51 2 51
0 50 1 50 2 50
0 51 1 51 2 51
0 52 1 52 2 52
0 99 1 99 2 99
0 73 1 73 2 73
0 98 1 98 2 98
0 89 1 89 2 89
0 62 1 62 2 62
0 92 1 92 2 92
0 65 1 65 2 65
0 61 1 61 2 61
0 67 1 67 2 67
Resources
1
R0
33
0 4 1 4 2 4
0 4 1 4 2 4
0 7 1 7 2 7
0 7 1 7 2 7
0 9 1 9 2 9
0 9 1 9 2 9
0 9 1 9 2 9
0 9 1 9 2 9
0 10 1 10 2 10
0 10 1 10 2 10
0 11 1 11 2 11
0 11 1 11 2 11
0 12 1 12 2 12
0 12 1 12 2 12
0 12 1 12 2 12
0 13 1 13 2 13
0 14 1 14 2 14
0 14 1 14 2 14
0 14 1 14 2 14
0 15 1 15 2 15
0 16 1 16 2 16
0 17 1 17 2 17
0 17 1 17 2 17
0 17 1 17 2 17
0 18 1 18 2 18
