25 3 1
3
0 76 1 76 2 76
0 55 1 55 2 55
0 59 1 59 2 59
0 62 1 62 2 62
0 93 1 93 2 93
0 89 1 89 2 89
0 89 1 89 2 89
0 62 1 62 2 62
0 89 1 89 2 89
0 88 1 88 2 88
0 91 1 91 2 91
0 51 1 51 2 51
0 69 1 69 2 69
0 86 1 86 2 86
0 59 1 59 2 59
0 63 1 63 2 63
0 79 1 79 2 79
0 83 1 83 2 83
0 93 1 93 2 93
0 51 1 51 2 51
0 78 1 78 2 78
0 95 1 95 2 95
0 95 1 95 2 95
0 85 1 85 2 85
0 98 1 98 2 98
Resources
1
R0
42
0 1 1 1 2 1
0 1 1 1 2 1
0 4 1 4 2 4
0 5 1 5 2 5
0 5 1 5 2 5
0 6 1 6 2 6
0 9 1 9 2 9
0 9 1 9 2 9
0 9 1 9 2 9
0 11 1 11 2 11
0 12 1 12 2 12
0 12 1 12 2 12
0 13 1 13 2 13
0 14 1 14 2 14
0 15 1 15 2 15
0 15 1 15 2 15
0 16 1 16 2 16
0 16 1 16 2 16
0 16 1 16 2 16
0 17 1 17 2 17
0 17 1 17 2 17
0 18 1 18 2 18
0 18 1 18 2 18
0 18 1 18 2 18
0 18 1 18 2 18
