25 3 1
3
0 66 1 66 2 66
0 81 1 81 2 81
0 71 1 71 2 71
0 72 1 72 2 72
0 93 1 93 2 93
0 54 1 54 2 54
0 90 1 90 2 90
0 71 1 71 2 71
0 75 1 75 2 75
0 53 1 53 2 53
0 75 1 75 2 75
0 72 1 72 2 72
0 65 1 65 2 65
0 56 1 56 2 56
0 56 1 56 2 56
0 93 1 93 2 93
0 76 1 76 2 76
0 63 1 63 2 63
0 60 1 60 2 60
0 76 1 76 2 76
0 59 1 59 2 59
0 81 1 81 2 81
0 51 1 51 2 51
0 78 1 78 2 78
0 54 1 54 2 54
Resources
1
R0
41
0 3 1 3 2 3
0 3 1 3 2 3
0 3 1 3 2 3
0 4 1 4 2 4
0 4 1 4 2 4
0 4 1 4 2 4
0 5 1 5 2 5
0 6 1 6 2 6
0 6 1 6 2 6
0 6 1 6 2 6
0 8 1 8 2 8
0 9 1 9 2 9
0 9 1 9 2 9
0 9 1 9 2 9
0 9 1 9 2 9
0 10 1 10 2 10
0 11 1 11 2 11
0 12 1 12 2 12
0 13 1 13 2 13
0 13 1 13 2 13
0 13 1 13 2 13
0 15 1 15 2 15
0 17 1 17 2 17
0 18 1 18 2 18
0 18 1 18 2 18
