25 3 1
3
0 61 1 61 2 61
0 63 1 63 2 63
0 74 1 74 2 74
0 94 1 94 2 94
0 64 1 64 2 64
0 71 1 71 2 71
0 63 1 63 2 63
0 72 1 72 2 72
0 60 1 60 2 60
0 89 1 89 2 89
0 81 1 81 2 81
0 76 1 76 2 76
0 79 1 79 2 79
0 82 1 82 2 82
0 54 1 54 2 54
0 58 1 58 2 58
0 80 1 80 2 80
0 94 1 94 2 94
0 59 1 59 2 59
0 87 1 87 2 87
0 62 1 62 2 62
0 65 1 65 2 65
0 66 1 66 2 66
0 96 1 96 2 96
0 65 1 65 2 65
Resources
1
R0
40
0 1 1 1 2 1
0 1 1 1 2 1
0 2 1 2 2 2
0 2 1 2 2 2
0 2 1 2 2 2
0 3 1 3 2 3
0 4 1 4 2 4
0 5 1 5 2 5
0 7 1 7 2 7
0 7 1 7 2 7
0 8 1 8 2 8
0 9 1 9 2 9
0 9 1 9 2 9
0 10 1 10 2 10
0 12 1 12 2 12
0 14 1 14 2 14
0 14 1 14 2 14
0 15 1 15 2 15
0 15 1 15 2 15
0 15 1 15 2 15
0 15 1 15 2 15
0 16 1 16 2 16
0 16 1 16 2 16
0 18 1 18 2 18
0 18 1 18 2 18
