30 2 1
2
0 95 1 95
0 58 1 58
0 98 1 98
0 84 1 84
0 70 1 70
0 98 1 98
0 57 1 57
0 61 1 61
0 71 1 71
0 80 1 80
0 65 1 65
0 91 1 91
0 67 1 67
0 64 1 64
0 71 1 71
0 64 1 64
0 53 1 53
0 76 1 76
0 99 1 99
0 81 1 81
0 50 1 50
0 93 1 93
0 55 1 55
0 89 1 89
0 81 1 81
0 50 1 50
0 71 1 71
0 94 1 94
0 95 1 95
0 65 1 65
Resources
1
R0
30
0 1 1 1
0 2 1 2
0 4 1 4
0 4 1 4
0 4 1 4
0 4 1 4
0 4 1 4
0 8 1 8
0 8 1 8
0 8 1 8
0 8 1 8
0 8 1 8
0 8 1 8
0 9 1 9
0 9 1 9
0 11 1 11
0 11 1 11
0 13 1 13
0 13 1 13
0 13 1 13
0 14 1 14
0 14 1 14
0 14 1 14
0 15 1 15
0 16 1 16
0 16 1 16
0 16 1 16
0 16 1 16
0 18 1 18
0 18 1 18
