30 2 1
2
0 63 1 63
0 72 1 72
0 64 1 64
0 62 1 62
0 81 1 81
0 86 1 86
0 50 1 50
0 91 1 91
0 73 1 73
0 77 1 77
0 92 1 92
0 64 1 64
0 52 1 52
0 87 1 87
0 98 1 98
0 83 1 83
0 88 1 88
0 97 1 97
0 70 1 70
0 91 1 91
0 89 1 89
0 74 1 74
0 73 1 73
0 91 1 91
0 94 1 94
0 93 1 93
0 87 1 87
0 87 1 87
0 53 1 53
0 84 1 84
Resources
1
R0
26
0 1 1 1
0 1 1 1
0 2 1 2
0 3 1 3
0 3 1 3
0 4 1 4
0 5 1 5
0 5 1 5
0 6 1 6
0 6 1 6
0 6 1 6
0 7 1 7
0 7 1 7
0 7 1 7
0 8 1 8
0 8 1 8
0 9 1 9
0 9 1 9
0 10 1 10
0 12 1 12
0 13 1 13
0 13 1 13
0 13 1 13
0 14 1 14
0 15 1 15
0 15 1 15
0 16 1 16
0 16 1 16
0 18 1 18
0 18 1 18
