30 2 1
2
0 61 1 61
0 63 1 63
0 74 1 74
0 94 1 94
0 64 1 64
0 98 1 98
0 71 1 71
0 63 1 63
0 72 1 72
0 60 1 60
0 89 1 89
0 81 1 81
0 76 1 76
0 79 1 79
0 82 1 82
0 99 1 99
0 54 1 54
0 58 1 58
0 80 1 80
0 94 1 94
0 59 1 59
0 87 1 87
0 62 1 62
0 65 1 65
0 66 1 66
0 57 1 57
0 96 1 96
0 65 1 65
0 58 1 58
0 59 1 59
Resources
1
R0
26
0 1 1 1
0 1 1 1
0 2 1 2
0 2 1 2
0 2 1 2
0 2 1 2
0 3 1 3
0 4 1 4
0 5 1 5
0 7 1 7
0 7 1 7
0 8 1 8
0 9 1 9
0 9 1 9
0 10 1 10
0 11 1 11
0 12 1 12
0 14 1 14
0 14 1 14
0 15 1 15
0 15 1 15
0 15 1 15
0 15 1 15
0 16 1 16
0 16 1 16
0 17 1 17
0 18 1 18
0 18 1 18
0 18 1 18
0 18 1 18
