30 2 1
2
0 65 1 65
0 58 1 58
0 50 1 50
0 57 1 57
0 94 1 94
0 51 1 51
0 71 1 71
0 59 1 59
0 54 1 54
0 60 1 60
0 78 1 78
0 71 1 71
0 84 1 84
0 51 1 51
0 85 1 85
0 67 1 67
0 90 1 90
0 94 1 94
0 60 1 60
0 99 1 99
0 95 1 95
0 54 1 54
0 77 1 77
0 94 1 94
0 86 1 86
0 70 1 70
0 84 1 84
0 57 1 57
0 71 1 71
0 65 1 65
Resources
1
R0
30
0 2 1 2
0 2 1 2
0 3 1 3
0 5 1 5
0 5 1 5
0 5 1 5
0 6 1 6
0 7 1 7
0 8 1 8
0 8 1 8
0 8 1 8
0 9 1 9
0 10 1 10
0 10 1 10
0 10 1 10
0 13 1 13
0 13 1 13
0 13 1 13
0 15 1 15
0 15 1 15
0 15 1 15
0 15 1 15
0 16 1 16
0 16 1 16
0 17 1 17
0 17 1 17
0 17 1 17
0 17 1 17
0 18 1 18
0 18 1 18
