30 2 1
2
0 91 1 91
0 80 1 80
0 56 1 56
0 79 1 79
0 86 1 86
0 66 1 66
0 70 1 70
0 76 1 76
0 98 1 98
0 52 1 52
0 90 1 90
0 87 1 87
0 86 1 86
0 67 1 67
0 91 1 91
0 92 1 92
0 71 1 71
0 77 1 77
0 77 1 77
0 87 1 87
0 71 1 71
0 52 1 52
0 72 1 72
0 82 1 82
0 81 1 81
0 94 1 94
0 61 1 61
0 100 1 100
0 95 1 95
0 55 1 55
Resources
1
R0
30
0 2 1 2
0 2 1 2
0 2 1 2
0 3 1 3
0 3 1 3
0 4 1 4
0 4 1 4
0 5 1 5
0 5 1 5
0 7 1 7
0 7 1 7
0 8 1 8
0 8 1 8
0 9 1 9
0 9 1 9
0 9 1 9
0 10 1 10
0 11 1 11
0 11 1 11
0 12 1 12
0 13 1 13
0 13 1 13
0 14 1 14
0 14 1 14
0 15 1 15
0 15 1 15
0 15 1 15
0 17 1 17
0 18 1 18
0 18 1 18
