30 2 1
2
0 88 1 88
0 83 1 83
0 93 1 93
0 65 1 65
0 83 1 83
0 94 1 94
0 60 1 60
0 82 1 82
0 51 1 51
0 85 1 85
0 75 1 75
0 83 1 83
0 60 1 60
0 98 1 98
0 91 1 91
0 93 1 93
0 83 1 83
0 67 1 67
0 60 1 60
0 100 1 100
0 87 1 87
0 55 1 55
0 93 1 93
0 91 1 91
0 63 1 63
0 59 1 59
0 85 1 85
0 90 1 90
0 51 1 51
0 74 1 74
Resources
1
R0
30
0 1 1 1
0 2 1 2
0 4 1 4
0 4 1 4
0 4 1 4
0 5 1 5
0 5 1 5
0 6 1 6
0 6 1 6
0 6 1 6
0 8 1 8
0 8 1 8
0 8 1 8
0 8 1 8
0 9 1 9
0 10 1 10
0 10 1 10
0 10 1 10
0 10 1 10
0 11 1 11
0 11 1 11
0 12 1 12
0 12 1 12
0 14 1 14
0 16 1 16
0 17 1 17
0 17 1 17
0 17 1 17
0 18 1 18
0 18 1 18
