30 2 1
2
0 64 1 64
0 96 1 96
0 90 1 90
0 94 1 94
0 65 1 65
0 77 1 77
0 99 1 99
0 59 1 59
0 76 1 76
0 59 1 59
0 88 1 88
0 83 1 83
0 100 1 100
0 99 1 99
0 81 1 81
0 89 1 89
0 87 1 87
0 59 1 59
0 64 1 64
0 77 1 77
0 88 1 88
0 65 1 65
0 74 1 74
0 57 1 57
0 63 1 63
0 75 1 75
0 63 1 63
0 78 1 78
0 86 1 86
0 80 1 80
Resources
1
R0
24
0 1 1 1
0 1 1 1
0 2 1 2
0 2 1 2
0 3 1 3
0 4 1 4
0 4 1 4
0 5 1 5
0 6 1 6
0 7 1 7
0 8 1 8
0 8 1 8
0 9 1 9
0 9 1 9
0 10 1 10
0 11 1 11
0 12 1 12
0 12 1 12
0 12 1 12
0 12 1 12
0 12 1 12
0 13 1 13
0 13 1 13
0 13 1 13
0 14 1 14
0 15 1 15
0 16 1 16
0 16 1 16
0 16 1 16
0 17 1 17
