30 2 1
2
0 96 1 96
0 87 1 87
0 63 1 63
0 51 1 51
0 76 1 76
0 64 1 64
0 50 1 50
0 74 1 74
0 55 1 55
0 95 1 95
0 50 1 50
0 56 1 56
0 57 1 57
0 98 1 98
0 58 1 58
0 84 1 84
0 88 1 88
0 91 1 91
0 64 1 64
0 74 1 74
0 65 1 65
0 77 1 77
0 98 1 98
0 51 1 51
0 87 1 87
0 93 1 93
0 78 1 78
0 56 1 56
0 80 1 80
0 89 1 89
Resources
1
R0
26
0 1 1 1
0 1 1 1
0 2 1 2
0 2 1 2
0 3 1 3
0 3 1 3
0 4 1 4
0 4 1 4
0 5 1 5
0 6 1 6
0 7 1 7
0 7 1 7
0 9 1 9
0 9 1 9
0 9 1 9
0 9 1 9
0 11 1 11
0 12 1 12
0 13 1 13
0 13 1 13
0 13 1 13
0 14 1 14
0 14 1 14
0 15 1 15
0 16 1 16
0 17 1 17
0 17 1 17
0 17 1 17
0 18 1 18
0 18 1 18
