30 2 1
2
0 68 1 68
0 94 1 94
0 64 1 64
0 70 1 70
0 83 1 83
0 78 1 78
0 65 1 65
0 82 1 82
0 94 1 94
0 64 1 64
0 83 1 83
0 80 1 80
0 90 1 90
0 57 1 57
0 74 1 74
0 90 1 90
0 71 1 71
0 52 1 52
0 65 1 65
0 78 1 78
0 52 1 52
0 53 1 53
0 79 1 79
0 57 1 57
0 98 1 98
0 86 1 86
0 53 1 53
0 77 1 77
0 59 1 59
0 51 1 51
Resources
1
R0
26
0 1 1 1
0 1 1 1
0 1 1 1
0 1 1 1
0 2 1 2
0 3 1 3
0 4 1 4
0 4 1 4
0 4 1 4
0 4 1 4
0 5 1 5
0 6 1 6
0 6 1 6
0 6 1 6
0 7 1 7
0 8 1 8
0 8 1 8
0 9 1 9
0 9 1 9
0 10 1 10
0 10 1 10
0 11 1 11
0 12 1 12
0 12 1 12
0 14 1 14
0 14 1 14
0 15 1 15
0 16 1 16
0 16 1 16
0 16 1 16
