30 2 1
2
0 58 1 58
0 74 1 74
0 59 1 59
0 71 1 71
0 98 1 98
0 54 1 54
0 73 1 73
0 67 1 67
0 66 1 66
0 74 1 74
0 91 1 91
0 80 1 80
0 55 1 55
0 93 1 93
0 50 1 50
0 87 1 87
0 82 1 82
0 58 1 58
0 86 1 86
0 74 1 74
0 95 1 95
0 66 1 66
0 52 1 52
0 55 1 55
0 86 1 86
0 50 1 50
0 93 1 93
0 88 1 88
0 51 1 51
0 55 1 55
Resources
1
R0
30
0 1 1 1
0 1 1 1
0 2 1 2
0 2 1 2
0 2 1 2
0 3 1 3
0 4 1 4
0 4 1 4
0 4 1 4
0 5 1 5
0 8 1 8
0 9 1 9
0 10 1 10
0 11 1 11
0 12 1 12
0 13 1 13
0 13 1 13
0 14 1 14
0 14 1 14
0 15 1 15
0 15 1 15
0 15 1 15
0 15 1 15
0 16 1 16
0 17 1 17
0 17 1 17
0 17 1 17
0 17 1 17
0 18 1 18
0 18 1 18
