30 2 1
2
0 76 1 76
0 55 1 55
0 59 1 59
0 62 1 62
0 93 1 93
0 82 1 82
0 89 1 89
0 73 1 73
0 75 1 75
0 89 1 89
0 62 1 62
0 89 1 89
0 75 1 75
0 88 1 88
0 91 1 91
0 51 1 51
0 69 1 69
0 86 1 86
0 59 1 59
0 63 1 63
0 79 1 79
0 83 1 83
0 93 1 93
0 92 1 92
0 51 1 51
0 78 1 78
0 95 1 95
0 95 1 95
0 85 1 85
0 98 1 98
Resources
1
R0
26
0 1 1 1
0 1 1 1
0 4 1 4
0 5 1 5
0 5 1 5
0 5 1 5
0 6 1 6
0 6 1 6
0 6 1 6
0 9 1 9
0 9 1 9
0 9 1 9
0 9 1 9
0 11 1 11
0 12 1 12
0 12 1 12
0 13 1 13
0 14 1 14
0 15 1 15
0 15 1 15
0 16 1 16
0 16 1 16
0 16 1 16
0 16 1 16
0 17 1 17
0 17 1 17
0 18 1 18
0 18 1 18
0 18 1 18
0 18 1 18
