30 2 1
2
0 88 1 88
0 59 1 59
0 65 1 65
0 66 1 66
0 69 1 69
0 57 1 57
0 59 1 59
0 54 1 54
0 53 1 53
0 69 1 69
0 94 1 94
0 95 1 95
0 94 1 94
0 87 1 87
0 76 1 76
0 71 1 71
0 87 1 87
0 71 1 71
0 89 1 89
0 80 1 80
0 60 1 60
0 83 1 83
0 58 1 58
0 93 1 93
0 99 1 99
0 95 1 95
0 91 1 91
0 90 1 90
0 58 1 58
0 85 1 85
Resources
1
R0
30
0 1 1 1
0 1 1 1
0 1 1 1
0 2 1 2
0 4 1 4
0 4 1 4
0 4 1 4
0 5 1 5
0 5 1 5
0 6 1 6
0 7 1 7
0 7 1 7
0 7 1 7
0 8 1 8
0 8 1 8
0 9 1 9
0 9 1 9
0 10 1 10
0 11 1 11
0 11 1 11
0 12 1 12
0 12 1 12
0 12 1 12
0 15 1 15
0 16 1 16
0 16 1 16
0 17 1 17
0 17 1 17
0 18 1 18
0 18 1 18
