30 3 1
3
0 95 1 95 2 95
0 76 1 76 2 76
0 89 1 89 2 89
0 99 1 99 2 99
0 72 1 72 2 72
0 82 1 82 2 82
0 53 1 53 2 53
0 51 1 51 2 51
0 78 1 78 2 78
0 69 1 69 2 69
0 76 1 76 2 76
0 99 1 99 2 99
0 71 1 71 2 71
0 73 1 73 2 73
0 57 1 57 2 57
0 77 1 77 2 77
0 82 1 82 2 82
0 71 1 71 2 71
0 54 1 54 2 54
0 89 1 89 2 89
0 56 1 56 2 56
0 98 1 98 2 98
0 90 1 90 2 90
0 90 1 90 2 90
0 86 1 86 2 86
0 80 1 80 2 80
0 77 1 77 2 77
0 97 1 97 2 97
0 94 1 94 2 94
0 92 1 92 2 92
Resources
1
R0
32
0 2 1 2 2 2
0 2 1 2 2 2
0 3 1 3 2 3
0 5 1 5 2 5
0 6 1 6 2 6
0 7 1 7 2 7
0 7 1 7 2 7
0 7 1 7 2 7
0 8 1 8 2 8
0 9 1 9 2 9
0 9 1 9 2 9
0 9 1 9 2 9
0 9 1 9 2 9
0 10 1 10 2 10
0 10 1 10 2 10
0 11 1 11 2 11
0 11 1 11 2 11
0 12 1 12 2 12
0 12 1 12 2 12
0 13 1 13 2 13
0 13 1 13 2 13
0 14 1 14 2 14
0 15 1 15 2 15
0 15 1 15 2 15
0 16 1 16 2 16
0 16 1 16 2 16
0 16 1 16 2 16
0 16 1 16 2 16
0 16 1 16 2 16
0 18 1 18 2 18
