30 3 1
3
0 68 1 68 2 68
0 94 1 94 2 94
0 64 1 64 2 64
0 70 1 70 2 70
0 83 1 83 2 83
0 78 1 78 2 78
0 65 1 65 2 65
0 82 1 82 2 82
0 94 1 94 2 94
0 64 1 64 2 64
0 83 1 83 2 83
0 80 1 80 2 80
0 90 1 90 2 90
0 57 1 57 2 57
0 74 1 74 2 74
0 90 1 90 2 90
0 71 1 71 2 71
0 52 1 52 2 52
0 65 1 65 2 65
0 78 1 78 2 78
0 52 1 52 2 52
0 53 1 53 2 53
0 79 1 79 2 79
0 57 1 57 2 57
0 98 1 98 2 98
0 86 1 86 2 86
0 53 1 53 2 53
0 77 1 77 2 77
0 59 1 59 2 59
0 51 1 51 2 51
Resources
1
R0
30
0 1 1 1 2 1
0 1 1 1 2 1
0 1 1 1 2 1
0 1 1 1 2 1
0 2 1 2 2 2
0 3 1 3 2 3
0 4 1 4 2 4
0 4 1 4 2 4
0 4 1 4 2 4
0 4 1 4 2 4
0 5 1 5 2 5
0 6 1 6 2 6
0 6 1 6 2 6
0 6 1 6 2 6
0 7 1 7 2 7
0 8 1 8 2 8
0 8 1 8 2 8
0 9 1 9 2 9
0 9 1 9 2 9
0 10 1 10 2 10
0 10 1 10 2 10
0 11 1 11 2 11
0 12 1 12 2 12
0 12 1 12 2 12
0 14 1 14 2 14
0 14 1 14 2 14
0 15 1 15 2 15
0 16 1 16 2 16
0 16 1 16 2 16
0 16 1 16 2 16
