30 3 1
3
0 94 1 94 2 94
0 81 1 81 2 81
0 67 1 67 2 67
0 78 1 78 2 78
0 100 1 100 2 100
0 66 1 66 2 66
0 99 1 99 2 99
0 61 1 61 2 61
0 53 1 53 2 53
0 56 1 56 2 56
0 94 1 94 2 94
0 71 1 71 2 71
0 61 1 61 2 61
0 70 1 70 2 70
0 88 1 88 2 88
0 53 1 53 2 53
0 64 1 64 2 64
0 61 1 61 2 61
0 95 1 95 2 95
0 50 1 50 2 50
0 77 1 77 2 77
0 100 1 100 2 100
0 67 1 67 2 67
0 71 1 71 2 71
0 77 1 77 2 77
0 86 1 86 2 86
0 76 1 76 2 76
0 99 1 99 2 99
0 74 1 74 2 74
0 70 1 70 2 70
Resources
1
R0
32
0 1 1 1 2 1
0 1 1 1 2 1
0 1 1 1 2 1
0 3 1 3 2 3
0 3 1 3 2 3
0 4 1 4 2 4
0 5 1 5 2 5
0 5 1 5 2 5
0 6 1 6 2 6
0 6 1 6 2 6
0 7 1 7 2 7
0 7 1 7 2 7
0 8 1 8 2 8
0 8 1 8 2 8
0 8 1 8 2 8
0 8 1 8 2 8
0 9 1 9 2 9
0 10 1 10 2 10
0 10 1 10 2 10
0 12 1 12 2 12
0 13 1 13 2 13
0 13 1 13 2 13
0 13 1 13 2 13
0 14 1 14 2 14
0 15 1 15 2 15
0 15 1 15 2 15
0 16 1 16 2 16
0 16 1 16 2 16
0 17 1 17 2 17
0 18 1 18 2 18
