30 3 1
3
0 63 1 63 2 63
0 50 1 50 2 50
0 50 1 50 2 50
0 94 1 94 2 94
0 85 1 85 2 85
0 65 1 65 2 65
0 98 1 98 2 98
0 84 1 84 2 84
0 55 1 55 2 55
0 66 1 66 2 66
0 67 1 67 2 67
0 88 1 88 2 88
0 83 1 83 2 83
0 76 1 76 2 76
0 60 1 60 2 60
0 94 1 94 2 94
0 66 1 66 2 66
0 97 1 97 2 97
0 77 1 77 2 77
0 91 1 91 2 91
0 84 1 84 2 84
0 89 1 89 2 89
0 61 1 61 2 61
0 59 1 59 2 59
0 65 1 65 2 65
0 76 1 76 2 76
0 74 1 74 2 74
0 77 1 77 2 77
0 69 1 69 2 69
0 88 1 88 2 88
Resources
1
R0
34
0 2 1 2 2 2
0 3 1 3 2 3
0 3 1 3 2 3
0 3 1 3 2 3
0 3 1 3 2 3
0 4 1 4 2 4
0 4 1 4 2 4
0 4 1 4 2 4
0 4 1 4 2 4
0 4 1 4 2 4
0 5 1 5 2 5
0 5 1 5 2 5
0 5 1 5 2 5
0 6 1 6 2 6
0 6 1 6 2 6
0 7 1 7 2 7
0 7 1 7 2 7
0 7 1 7 2 7
0 10 1 10 2 10
0 10 1 10 2 10
0 10 1 10 2 10
0 12 1 12 2 12
0 13 1 13 2 13
0 13 1 13 2 13
0 15 1 15 2 15
0 17 1 17 2 17
0 17 1 17 2 17
0 18 1 18 2 18
0 18 1 18 2 18
0 18 1 18 2 18
