30 3 1
3
0 85 1 85 2 85
0 66 1 66 2 66
0 61 1 61 2 61
0 56 1 56 2 56
0 62 1 62 2 62
0 98 1 98 2 98
0 100 1 100 2 100
0 92 1 92 2 92
0 84 1 84 2 84
0 99 1 99 2 99
0 86 1 86 2 86
0 100 1 100 2 100
0 84 1 84 2 84
0 95 1 95 2 95
0 68 1 68 2 68
0 78 1 78 2 78
0 82 1 82 2 82
0 69 1 69 2 69
0 65 1 65 2 65
0 66 1 66 2 66
0 68 1 68 2 68
0 77 1 77 2 77
0 87 1 87 2 87
0 95 1 95 2 95
0 98 1 98 2 98
0 81 1 81 2 81
0 61 1 61 2 61
0 77 1 77 2 77
0 95 1 95 2 95
0 82 1 82 2 82
Resources
1
R0
34
0 1 1 1 2 1
0 1 1 1 2 1
0 2 1 2 2 2
0 5 1 5 2 5
0 5 1 5 2 5
0 6 1 6 2 6
0 6 1 6 2 6
0 7 1 7 2 7
0 7 1 7 2 7
0 7 1 7 2 7
0 8 1 8 2 8
0 9 1 9 2 9
0 9 1 9 2 9
0 9 1 9 2 9
0 10 1 10 2 10
0 10 1 10 2 10
0 10 1 10 2 10
0 11 1 11 2 11
0 11 1 11 2 11
0 12 1 12 2 12
0 12 1 12 2 12
0 14 1 14 2 14
0 15 1 15 2 15
0 17 1 17 2 17
0 17 1 17 2 17
0 17 1 17 2 17
0 18 1 18 2 18
0 18 1 18 2 18
0 18 1 18 2 18
0 18 1 18 2 18
