30 3 1
3
0 77 1 77 2 77
0 96 1 96 2 96
0 52 1 52 2 52
0 88 1 88 2 88
0 52 1 52 2 52
0 55 1 55 2 55
0 69 1 69 2 69
0 75 1 75 2 75
0 98 1 98 2 98
0 60 1 60 2 60
0 73 1 73 2 73
0 57 1 57 2 57
0 91 1 91 2 91
0 55 1 55 2 55
0 63 1 63 2 63
0 86 1 86 2 86
0 59 1 59 2 59
0 65 1 65 2 65
0 58 1 58 2 58
0 52 1 52 2 52
0 77 1 77 2 77
0 93 1 93 2 93
0 68 1 68 2 68
0 65 1 65 2 65
0 100 1 100 2 100
0 62 1 62 2 62
0 60 1 60 2 60
0 64 1 64 2 64
0 94 1 94 2 94
0 74 1 74 2 74
Resources
1
R0
41
0 1 1 1 2 1
0 1 1 1 2 1
0 2 1 2 2 2
0 2 1 2 2 2
0 3 1 3 2 3
0 4 1 4 2 4
0 5 1 5 2 5
0 5 1 5 2 5
0 5 1 5 2 5
0 7 1 7 2 7
0 7 1 7 2 7
0 7 1 7 2 7
0 8 1 8 2 8
0 9 1 9 2 9
0 10 1 10 2 10
0 10 1 10 2 10
0 11 1 11 2 11
0 13 1 13 2 13
0 13 1 13 2 13
0 14 1 14 2 14
0 14 1 14 2 14
0 15 1 15 2 15
0 15 1 15 2 15
0 15 1 15 2 15
0 15 1 15 2 15
0 16 1 16 2 16
0 16 1 16 2 16
0 17 1 17 2 17
0 18 1 18 2 18
0 18 1 18 2 18
