30 3 1
3
0 96 1 96 2 96
0 87 1 87 2 87
0 63 1 63 2 63
0 51 1 51 2 51
0 76 1 76 2 76
0 64 1 64 2 64
0 50 1 50 2 50
0 74 1 74 2 74
0 55 1 55 2 55
0 95 1 95 2 95
0 50 1 50 2 50
0 56 1 56 2 56
0 57 1 57 2 57
0 98 1 98 2 98
0 58 1 58 2 58
0 84 1 84 2 84
0 88 1 88 2 88
0 91 1 91 2 91
0 64 1 64 2 64
0 74 1 74 2 74
0 65 1 65 2 65
0 77 1 77 2 77
0 98 1 98 2 98
0 51 1 51 2 51
0 87 1 87 2 87
0 93 1 93 2 93
0 78 1 78 2 78
0 56 1 56 2 56
0 80 1 80 2 80
0 89 1 89 2 89
Resources
1
R0
33
0 1 1 1 2 1
0 1 1 1 2 1
0 2 1 2 2 2
0 2 1 2 2 2
0 3 1 3 2 3
0 3 1 3 2 3
0 4 1 4 2 4
0 4 1 4 2 4
0 5 1 5 2 5
0 6 1 6 2 6
0 7 1 7 2 7
0 7 1 7 2 7
0 9 1 9 2 9
0 9 1 9 2 9
0 9 1 9 2 9
0 9 1 9 2 9
0 11 1 11 2 11
0 12 1 12 2 12
0 13 1 13 2 13
0 13 1 13 2 13
0 13 1 13 2 13
0 14 1 14 2 14
0 14 1 14 2 14
0 15 1 15 2 15
0 16 1 16 2 16
0 17 1 17 2 17
0 17 1 17 2 17
0 17 1 17 2 17
0 18 1 18 2 18
0 18 1 18 2 18
