30 3 1
3
0 95 1 95 2 95
0 56 1 56 2 56
0 97 1 97 2 97
0 78 1 78 2 78
0 52 1 52 2 52
0 64 1 64 2 64
0 51 1 51 2 51
0 83 1 83 2 83
0 60 1 60 2 60
0 72 1 72 2 72
0 65 1 65 2 65
0 64 1 64 2 64
0 64 1 64 2 64
0 95 1 95 2 95
0 63 1 63 2 63
0 73 1 73 2 73
0 84 1 84 2 84
0 58 1 58 2 58
0 71 1 71 2 71
0 76 1 76 2 76
0 85 1 85 2 85
0 72 1 72 2 72
0 69 1 69 2 69
0 51 1 51 2 51
0 77 1 77 2 77
0 89 1 89 2 89
0 86 1 86 2 86
0 80 1 80 2 80
0 61 1 61 2 61
0 78 1 78 2 78
Resources
1
R0
40
0 1 1 1 2 1
0 1 1 1 2 1
0 1 1 1 2 1
0 2 1 2 2 2
0 2 1 2 2 2
0 3 1 3 2 3
0 3 1 3 2 3
0 4 1 4 2 4
0 5 1 5 2 5
0 5 1 5 2 5
0 5 1 5 2 5
0 6 1 6 2 6
0 7 1 7 2 7
0 8 1 8 2 8
0 8 1 8 2 8
0 9 1 9 2 9
0 9 1 9 2 9
0 9 1 9 2 9
0 10 1 10 2 10
0 11 1 11 2 11
0 11 1 11 2 11
0 13 1 13 2 13
0 13 1 13 2 13
0 14 1 14 2 14
0 14 1 14 2 14
0 15 1 15 2 15
0 16 1 16 2 16
0 17 1 17 2 17
0 17 1 17 2 17
0 18 1 18 2 18
