30 3 1
3
0 75 1 75 2 75
0 57 1 57 2 57
0 100 1 100 2 100
0 58 1 58 2 58
0 76 1 76 2 76
0 71 1 71 2 71
0 62 1 62 2 62
0 79 1 79 2 79
0 95 1 95 2 95
0 56 1 56 2 56
0 58 1 58 2 58
0 50 1 50 2 50
0 94 1 94 2 94
0 97 1 97 2 97
0 54 1 54 2 54
0 75 1 75 2 75
0 67 1 67 2 67
0 98 1 98 2 98
0 77 1 77 2 77
0 85 1 85 2 85
0 69 1 69 2 69
0 92 1 92 2 92
0 85 1 85 2 85
0 98 1 98 2 98
0 73 1 73 2 73
0 61 1 61 2 61
0 90 1 90 2 90
0 85 1 85 2 85
0 51 1 51 2 51
0 84 1 84 2 84
Resources
1
R0
41
0 1 1 1 2 1
0 1 1 1 2 1
0 2 1 2 2 2
0 2 1 2 2 2
0 2 1 2 2 2
0 3 1 3 2 3
0 3 1 3 2 3
0 3 1 3 2 3
0 3 1 3 2 3
0 6 1 6 2 6
0 6 1 6 2 6
0 7 1 7 2 7
0 7 1 7 2 7
0 7 1 7 2 7
0 8 1 8 2 8
0 9 1 9 2 9
0 9 1 9 2 9
0 9 1 9 2 9
0 10 1 10 2 10
0 11 1 11 2 11
0 12 1 12 2 12
0 12 1 12 2 12
0 13 1 13 2 13
0 14 1 14 2 14
0 14 1 14 2 14
0 16 1 16 2 16
0 16 1 16 2 16
0 17 1 17 2 17
0 18 1 18 2 18
0 18 1 18 2 18
