30 3 1
3
0 91 1 91 2 91
0 80 1 80 2 80
0 56 1 56 2 56
0 79 1 79 2 79
0 86 1 86 2 86
0 66 1 66 2 66
0 70 1 70 2 70
0 76 1 76 2 76
0 98 1 98 2 98
0 52 1 52 2 52
0 90 1 90 2 90
0 87 1 87 2 87
0 86 1 86 2 86
0 67 1 67 2 67
0 91 1 91 2 91
0 92 1 92 2 92
0 71 1 71 2 71
0 77 1 77 2 77
0 77 1 77 2 77
0 87 1 87 2 87
0 71 1 71 2 71
0 52 1 52 2 52
0 72 1 72 2 72
0 82 1 82 2 82
0 81 1 81 2 81
0 94 1 94 2 94
0 61 1 61 2 61
0 100 1 100 2 100
0 95 1 95 2 95
0 55 1 55 2 55
Resources
1
R0
41
0 2 1 2 2 2
0 2 1 2 2 2
0 2 1 2 2 2
0 3 1 3 2 3
0 3 1 3 2 3
0 4 1 4 2 4
0 4 1 4 2 4
0 5 1 5 2 5
0 5 1 5 2 5
0 7 1 7 2 7
0 7 1 7 2 7
0 8 1 8 2 8
0 8 1 8 2 8
0 9 1 9 2 9
0 9 1 9 2 9
0 9 1 9 2 9
0 10 1 10 2 10
0 11 1 11 2 11
0 11 1 11 2 11
0 12 1 12 2 12
0 13 1 13 2 13
0 13 1 13 2 13
0 14 1 14 2 14
0 14 1 14 2 14
0 15 1 15 2 15
0 15 1 15 2 15
0 15 1 15 2 15
0 17 1 17 2 17
0 18 1 18 2 18
0 18 1 18 2 18
