30 3 1
3
0 89 1 89 2 89
0 72 1 72 2 72
0 98 1 98 2 98
0 53 1 53 2 53
0 61 1 61 2 61
0 77 1 77 2 77
0 80 1 80 2 80
0 99 1 99 2 99
0 69 1 69 2 69
0 94 1 94 2 94
0 58 1 58 2 58
0 58 1 58 2 58
0 94 1 94 2 94
0 86 1 86 2 86
0 85 1 85 2 85
0 60 1 60 2 60
0 100 1 100 2 100
0 72 1 72 2 72
0 50 1 50 2 50
0 52 1 52 2 52
0 50 1 50 2 50
0 80 1 80 2 80
0 98 1 98 2 98
0 99 1 99 2 99
0 58 1 58 2 58
0 87 1 87 2 87
0 99 1 99 2 99
0 62 1 62 2 62
0 70 1 70 2 70
0 90 1 90 2 90
Resources
1
R0
40
0 1 1 1 2 1
0 1 1 1 2 1
0 1 1 1 2 1
0 2 1 2 2 2
0 3 1 3 2 3
0 4 1 4 2 4
0 4 1 4 2 4
0 5 1 5 2 5
0 5 1 5 2 5
0 7 1 7 2 7
0 8 1 8 2 8
0 8 1 8 2 8
0 9 1 9 2 9
0 11 1 11 2 11
0 11 1 11 2 11
0 11 1 11 2 11
0 11 1 11 2 11
0 12 1 12 2 12
0 12 1 12 2 12
0 12 1 12 2 12
0 13 1 13 2 13
0 15 1 15 2 15
0 15 1 15 2 15
0 16 1 16 2 16
0 16 1 16 2 16
0 16 1 16 2 16
0 17 1 17 2 17
0 17 1 17 2 17
0 17 1 17 2 17
0 18 1 18 2 18
